business_name,search_category,primary_category,all_categories,pincode,circle,region,division,major_offices,phone_number,website,rating,reviews_count,address,area,latitude,longitude,place_id,place_url,part_id,crawled_at,s_no
Genial Polymers Pvt. Ltd.,Plastic Molding Manufacturer,Plastic Injection Molding Workshop,Plastic Injection Molding Workshop,824206,Bihar Circle,Patna HQ Region,AurangabadBihar Division,"Imamganj SO, Maigra BO, Malahari BO",+91 94710 09703,http://www.genialpolymer.com/,4.0,,"D20 BIADA, Industrial Area Rd, Hajipur, Bihar 844102",824206,25.6946016,85.23762239999999,ChIJwb6Eg85d7TkRT811voNJs4A,https://www.google.com/maps/place/?q=place_id:ChIJwb6Eg85d7TkRT811voNJs4A,part_384,2026-09-20 20:19:51,5648
Devti Plast Industries LLP,Plastic Molding Manufacturer,Manufacturer,"Manufacturer, Plastic Injection Molding Workshop, Plastic Products Supplier",824206,Bihar Circle,Patna HQ Region,AurangabadBihar Division,"Imamganj SO, Maigra BO, Malahari BO",+91 83742 48516,http://www.devtiplast.com/,5.0,,"Growth Centre, NSD-1 (P-II) & D-2, Asurari Rd, Asurari, Bihar 851135",824206,25.4593377,86.03926159999999,ChIJFfb3TlIP8jkR4e6OHmOYFSY,https://www.google.com/maps/place/?q=place_id:ChIJFfb3TlIP8jkR4e6OHmOYFSY,part_384,2026-09-20 20:19:51,5649
Mantu Raj Mander,Plastic Molding Manufacturer,Plastic Injection Molding Workshop,Plastic Injection Molding Workshop,824206,Bihar Circle,Patna HQ Region,AurangabadBihar Division,"Imamganj SO, Maigra BO, Malahari BO",N/A,N/A,,,"CFR3+JW3 mander, Dumariya, Mataha, Bihar 824221",824206,24.4415087,84.4548092,ChIJ_7Z1jJLtjDkRUKJ1jEFSXCk,https://www.google.com/maps/place/?q=place_id:ChIJ_7Z1jJLtjDkRUKJ1jEFSXCk,part_384,2026-09-20 20:19:51,5650
Nimbleland Plastics,Plastic Molding Manufacturer,Manufacturer,"Manufacturer, Household goods wholesaler, Plastic Injection Molding Workshop, Plastic Products Supplier",824206,Bihar Circle,Patna HQ Region,AurangabadBihar Division,"Imamganj SO, Maigra BO, Malahari BO",+91 86002 18229,http://www.nimblelandplastics.com/,4.9,83.0,"Khasara No. 254, Village - Bibipur, Teh, Sarojini Nagar, Lucknow, Uttar Pradesh 226401",Sarojini Nagar,26.665205399999998,80.85225799999999,ChIJqdx0G7P3mzkRaXbrJDycqIM,https://www.google.com/maps/place/?q=place_id:ChIJqdx0G7P3mzkRaXbrJDycqIM,part_384,2026-09-20 20:19:52,5651
Northern Plastics,Plastic Molding Manufacturer,Plastic Injection Molding Workshop,"Plastic Injection Molding Workshop, FMCG Manufacturer, Industrial consultant, Medical equipment supplier, Mold maker, Toolroom, Plastic Products Supplier",824206,Bihar Circle,Patna HQ Region,AurangabadBihar Division,"Imamganj SO, Maigra BO, Malahari BO",+91 98110 19773,https://www.northernplasticsengg.com/,4.8,24.0,"J-22, Block J, Sector 63, Noida, Uttar Pradesh 201309","Block J, Sector 63",28.6259861,77.38890339999999,ChIJPyzTPLflDDkRs92RfvczVrw,https://www.google.com/maps/place/?q=place_id:ChIJPyzTPLflDDkRs92RfvczVrw,part_384,2026-09-20 20:19:52,5652
Ikon Moulders Pvt.Ltd,Plastic Molding Manufacturer,Plastic Injection Molding Workshop,"Plastic Injection Molding Workshop, Molding supplier",824206,Bihar Circle,Patna HQ Region,AurangabadBihar Division,"Imamganj SO, Maigra BO, Malahari BO",+91 241 277 7188,http://www.ikonmoulders.com/,4.8,186.0,"L 129 Near L&T Nagapur, MIDC, Nagapur, Maharashtra 414111",MIDC,19.141033,74.69665599999999,ChIJ8bmSwiS63DsRy6YflpCbAB8,https://www.google.com/maps/place/?q=place_id:ChIJ8bmSwiS63DsRy6YflpCbAB8,part_384,2026-09-20 20:19:52,5653
SWASTIK PLASTIC,Plastic Molding Manufacturer,Plastic Injection Molding Workshop,"Plastic Injection Molding Workshop, Mold maker, Plastic Products Supplier",824206,Bihar Circle,Patna HQ Region,AurangabadBihar Division,"Imamganj SO, Maigra BO, Malahari BO",+91 89765 78494,http://swastikplastic.co.in/default.html,5.0,134.0,"Gala no 4 USMAN INDUSTRIAL ESTATE SAMHITA COMPLEX Airport road, Sakinaka Tele Exchange Ln, opposite shitla Devi Mandir, Kurla West, Saki Naka, Mumbai, Maharashtra 400072","Kurla West, Saki Naka",19.099028099999998,72.8793783,ChIJIXNdpmy35zsR6j0OUMSJ258,https://www.google.com/maps/place/?q=place_id:ChIJIXNdpmy35zsR6j0OUMSJ258,part_384,2026-09-20 20:19:52,5654
Shreenathji Plastics Industries,Plastic Molding Manufacturer,Plastic Injection Molding Workshop,Plastic Injection Molding Workshop,824206,Bihar Circle,Patna HQ Region,AurangabadBihar Division,"Imamganj SO, Maigra BO, Malahari BO",+91 91362 35493,N/A,5.0,49.0,"Gala no 101, Ram, Ashirwad Industrial Estate, 2, Ram Mandir Rd, Mahatma Jyotiba Phule Nagar, Goregaon West, Mumbai, Maharashtra 400104","Mahatma Jyotiba Phule Nagar, Goregaon West",19.153659899999997,72.8473595,ChIJxa2FXJq35zsRLBSiXa9njuM,https://www.google.com/maps/place/?q=place_id:ChIJxa2FXJq35zsRLBSiXa9njuM,part_384,2026-09-20 20:19:52,5655
Dalal Plastics Pvt Ltd,Plastic Molding Manufacturer,Plastic Injection Molding Workshop,"Plastic Injection Molding Workshop, Mold maker, Molding supplier, Plastic fabrication company, Plastic Products Supplier",824206,Bihar Circle,Patna HQ Region,AurangabadBihar Division,"Imamganj SO, Maigra BO, Malahari BO",+91 96197 18999,https://www.dalalplastics.com/,4.9,20.0,"Digha, Plot, B18/19, Digha Naka, TTC Industrial Area, Dighe, Navi Mumbai, Maharashtra 400708","Digha Naka, TTC Industrial Area, Dighe",19.1772876,73.0030776,ChIJe5ma4i-_5zsRzf0DpPhSRxQ,https://www.google.com/maps/place/?q=place_id:ChIJe5ma4i-_5zsRzf0DpPhSRxQ,part_384,2026-09-20 20:19:52,5656
Om plastic,Plastic Molding Manufacturer,Plastic Injection Molding Workshop,Plastic Injection Molding Workshop,824206,Bihar Circle,Patna HQ Region,AurangabadBihar Division,"Imamganj SO, Maigra BO, Malahari BO",+91 82865 05397,N/A,4.9,93.0,"shamita complex, telephone exchange, Usman industrial estate, near Sakinaka, opp. Mumbai, Maharashtra 400072",Saki Naka,19.0976526,72.88124669999999,ChIJcbCwniTJ5zsRqJaLQwhRsJI,https://www.google.com/maps/place/?q=place_id:ChIJcbCwniTJ5zsRqJaLQwhRsJI,part_384,2026-09-20 20:19:52,5657
YELURI POLYMERS,Plastic Molding Manufacturer,Plastic Injection Molding Workshop,Plastic Injection Molding Workshop,824206,Bihar Circle,Patna HQ Region,AurangabadBihar Division,"Imamganj SO, Maigra BO, Malahari BO",+91 77801 99738,N/A,5.0,21.0,"Plot no 156/A, Phase-2, B N Reddy Nagar, Cherlapalli, Hyderabad, Secunderabad, Telangana 500051","Phase-2, B N Reddy Nagar, Cherlapalli",17.4621681,78.59582189999999,ChIJ_5oxiS2RyzsRyXhVWC0f5Qo,https://www.google.com/maps/place/?q=place_id:ChIJ_5oxiS2RyzsRyXhVWC0f5Qo,part_384,2026-09-20 20:19:52,5658
Vikas Industries - Insert moulding manufacturers,Plastic Molding Manufacturer,Plastic Injection Molding Workshop,Plastic Injection Molding Workshop,824206,Bihar Circle,Patna HQ Region,AurangabadBihar Division,"Imamganj SO, Maigra BO, Malahari BO",+91 90119 21465,http://www.vikasind.co.in/,4.7,15.0,"Plot No. J - 244, Khande Wasti, Pimpri Chinchwad New Twp Development Authority, MIDC, Bhosari, Pune, Pimpri-Chinchwad, Maharashtra 411026","Khande Wasti, Pimpri Chinchwad New Township Development Authority, MIDC, Bhosari",18.644791299999998,73.8271671,ChIJvYN9e5S5wjsRhTdNVo1hMu8,https://www.google.com/maps/place/?q=place_id:ChIJvYN9e5S5wjsRhTdNVo1hMu8,part_384,2026-09-20 20:19:52,5659
Tech Plaastic Industrie Pvt Ltd,Plastic Molding Manufacturer,Manufacturer,"Manufacturer, Mold maker, Molding supplier, Plastic Injection Molding Workshop, Plastic Products Supplier, 3D printing service",824206,Bihar Circle,Patna HQ Region,AurangabadBihar Division,"Imamganj SO, Maigra BO, Malahari BO",+91 98404 24173,https://www.techplaastic.com/,4.0,40.0,"A21, SIPCOT Industrial Park, Thandalam 55(PO), Sriprembudur, Tk, Irungattukottai, Tamil Nadu 602105",824206,13.005765499999999,79.9975541,ChIJxwyPFllmUjoR6Pq5W_bubcI,https://www.google.com/maps/place/?q=place_id:ChIJxwyPFllmUjoR6Pq5W_bubcI,part_384,2026-09-20 20:19:52,5660
Perfect Technologies & Innovations Pvt Ltd : Plastic Injection Mould/Moulded Part/Mould Design Manufacturer in Pune/MH/India.,Plastic Molding Manufacturer,Manufacturer,Manufacturer,824206,Bihar Circle,Patna HQ Region,AurangabadBihar Division,"Imamganj SO, Maigra BO, Malahari BO",+91 95528 40033,https://perfect-technologies.com/,4.6,13.0,"Gat No 169, Ambedkar Vasahat, Rupeenagar, Talwade, Pimpri-Chinchwad, Maharashtra 411062","Ambedkar Vasahat, Rupeenagar, Talwade",18.673206099999998,73.7856126,ChIJw23Khnq3wjsRu7YR1Ek4c-Y,https://www.google.com/maps/place/?q=place_id:ChIJw23Khnq3wjsRu7YR1Ek4c-Y,part_384,2026-09-20 20:19:52,5661
MODERN PLASTIC FABRICATORS,Plastic Molding Manufacturer,Plastic Injection Molding Workshop,Plastic Injection Molding Workshop,824206,Bihar Circle,Patna HQ Region,AurangabadBihar Division,"Imamganj SO, Maigra BO, Malahari BO",+91 98300 50069,https://sites.google.com/view/brick-farma/home,4.8,20.0,"75/1, Beadon St, near Minerva theater, Garanhatta, Beniatola, Kolkata, West Bengal 700006","Garanhatta, Beniatola",22.5905821,88.3630326,ChIJV0rmHCx3AjoRK19-OC2zn5g,https://www.google.com/maps/place/?q=place_id:ChIJV0rmHCx3AjoRK19-OC2zn5g,part_384,2026-09-20 20:19:52,5662
"PLASMOTEK - Plastic Injection Moulding Components Manufacturer, Supplier & Exporter in Karnataka, India",Plastic Molding Manufacturer,Plastic Injection Molding Workshop,Plastic Injection Molding Workshop,824206,Bihar Circle,Patna HQ Region,AurangabadBihar Division,"Imamganj SO, Maigra BO, Malahari BO",+91 98456 81205,https://www.plasmotek.com/,4.6,35.0,"B-51, ITI Ancillary Estate, Mahadevpura,Whitefield Road, Bengaluru - 5600 48 banglore, Karnataka 560048","Devasandra Industrial Estate, Mahadevapura",12.997070599999999,77.69893669999999,ChIJq6qqqnMRrjsRP_x6FHsYg-Y,https://www.google.com/maps/place/?q=place_id:ChIJq6qqqnMRrjsRP_x6FHsYg-Y,part_384,2026-09-20 20:19:52,5663
"Thanusar Enterprises - Plastic Injection Moulding Manufacturer, Press Metal Components Supplier",Plastic Molding Manufacturer,Industrial equipment supplier,"Industrial equipment supplier, Manufacturer, Plastic fabrication company, Plastic Injection Molding Workshop",824206,Bihar Circle,Patna HQ Region,AurangabadBihar Division,"Imamganj SO, Maigra BO, Malahari BO",+91 93260 70340,https://www.thanusarenterprises.com/,4.5,4.0,"Plot No. 4 50, Sector No 10, opp. The Times Of India, PCNTDA, Bhosari, Pune, Maharashtra 411026","PCNTDA, MIDC, Bhosari",18.6443101,73.83353869999999,ChIJ_____3O4wjsRMpC3pggFurI,https://www.google.com/maps/place/?q=place_id:ChIJ_____3O4wjsRMpC3pggFurI,part_384,2026-09-20 20:19:52,5664
RESHMA MOULDING WORKS,Plastic Molding Manufacturer,Plastic Injection Molding Workshop,Plastic Injection Molding Workshop,824206,Bihar Circle,Patna HQ Region,AurangabadBihar Division,"Imamganj SO, Maigra BO, Malahari BO",+91 98504 32018,https://www.rmwsmcboxes.com/,4.9,20.0,"Sr. No, 23, Bhagat Wasti, near Prapti Hotel, Hanuman Nagar, Bhosari, Maharashtra 411026","Dhawade Vasahat, Hanuman Nagar, Bhosari",18.631077899999998,73.8447158,ChIJq2CHyofHwjsRYMT3xsTlNkg,https://www.google.com/maps/place/?q=place_id:ChIJq2CHyofHwjsRYMT3xsTlNkg,part_384,2026-09-20 20:19:52,5665
Vision Plastics Plastic Mould Die maker Plastic injection moulding,Plastic Molding Manufacturer,Plastic Injection Molding Workshop,Plastic Injection Molding Workshop,824206,Bihar Circle,Patna HQ Region,AurangabadBihar Division,"Imamganj SO, Maigra BO, Malahari BO",+91 93710 08672,N/A,4.8,6.0,"Sr. No. 30, Hissa No. 20/21/22, Narhe Dhairy, Road, Dhayari, Pune, Maharashtra 411041",Dhayari,18.4403908,73.8223529,ChIJU1Zp2SOVwjsRtrYBwgrXY84,https://www.google.com/maps/place/?q=place_id:ChIJU1Zp2SOVwjsRtrYBwgrXY84,part_384,2026-09-20 20:19:52,5666
General Plastic Industries LLP,Plastic Molding Manufacturer,Plastic Injection Molding Workshop,"Plastic Injection Molding Workshop, Industrial consultant, Mold maker, Molding supplier, Plastic Products Supplier",824206,Bihar Circle,Patna HQ Region,AurangabadBihar Division,"Imamganj SO, Maigra BO, Malahari BO",+91 99996 00619,https://www.generalplastic.in/,4.1,75.0,"Metro Station, Street No. - 3, Plot No. - 67, GT Karnal Rd, near Jahangir Puri, Rajasthan Udyog Nagar, New Delhi, Delhi 110033","Block A, Rajasthan Udyog Nagar, Jahangirpuri",28.724839,77.16273029999999,ChIJaxqvgJcBDTkRDGD_k6vrpmE,https://www.google.com/maps/place/?q=place_id:ChIJaxqvgJcBDTkRDGD_k6vrpmE,part_384,2026-09-20 20:19:52,5667
MG Plastic Industries Pvt. Ltd,Plastic Molding Manufacturer,Plastic Injection Molding Workshop,Plastic Injection Molding Workshop,824206,Bihar Circle,Patna HQ Region,AurangabadBihar Division,"Imamganj SO, Maigra BO, Malahari BO",+91 91510 26012,https://mgplastic.in/,4.5,2.0,"Plot No.3, Kursi Rd, near Bharat Gas Plant, Guramba, Uttar Pradesh 226026",824206,26.9346984,80.98259329999999,ChIJwX-CIbZXmTkRzS-QcjyHKqs,https://www.google.com/maps/place/?q=place_id:ChIJwX-CIbZXmTkRzS-QcjyHKqs,part_384,2026-09-20 20:19:52,5668
KRISHNA POLYMER TECHNOLOGY,Plastic Molding Manufacturer,Plastic Injection Molding Workshop,"Plastic Injection Molding Workshop, Mold maker, Polymer Supplier, Plastic Products Supplier",824206,Bihar Circle,Patna HQ Region,AurangabadBihar Division,"Imamganj SO, Maigra BO, Malahari BO",+91 75697 28436,N/A,4.4,23.0,"D13, Phase IV Extension, IDA Jeedimetla, Chinthal, Jeedimetla, Hyderabad, Telangana 500055","Phase IV Extension, IDA Jeedimetla, Chinthal, Jeedimetla",17.5206347,78.43916779999999,ChIJybhMcdePyzsRA8PitPL4fd0,https://www.google.com/maps/place/?q=place_id:ChIJybhMcdePyzsRA8PitPL4fd0,part_384,2026-09-20 20:19:52,5669
Vidhata Plastics India Private Limited,Plastic Molding Manufacturer,Plastic Injection Molding Workshop,"Plastic Injection Molding Workshop, Machine shop, Packaging company, Toolroom",824206,Bihar Circle,Patna HQ Region,AurangabadBihar Division,"Imamganj SO, Maigra BO, Malahari BO",+91 40 2956 6073,http://vidhata.co.in/?utm_source=google&utm_medium=wix_google_business_profile&utm_campaign=7357237886463762995,5.0,17.0,"S-1 P/C, Survey No: 114, E-CITY, Maheshwaram, Telangana 501510",824206,17.202925,78.4946373,ChIJM5q_GgKlyzsRunVzzzVHyIY,https://www.google.com/maps/place/?q=place_id:ChIJM5q_GgKlyzsRunVzzzVHyIY,part_384,2026-09-20 20:19:53,5670
"Smart Home Plastics, Mould Plast",Plastic Molding Manufacturer,Manufacturer,"Manufacturer, Plastic Injection Molding Workshop, Plastic Products Supplier, Plastic Wholesaler",824206,Bihar Circle,Patna HQ Region,AurangabadBihar Division,"Imamganj SO, Maigra BO, Malahari BO",+91 90481 23466,N/A,5.0,57.0,"Plot #3, Kinfra Industrial Area Phase I, Koratty, Koratty, Keralam 680309",Kinfra Koratty Industrial Area Phase I,10.2708272,76.3565768,ChIJuZ97BdwDCDsRo239gwZGw-4,https://www.google.com/maps/place/?q=place_id:ChIJuZ97BdwDCDsRo239gwZGw-4,part_384,2026-09-20 20:19:53,5671
Niru Plastics Pvt. Ltd.- Precision Plastic Components Manufacturer,Plastic Molding Manufacturer,Manufacturer,Manufacturer,824206,Bihar Circle,Patna HQ Region,AurangabadBihar Division,"Imamganj SO, Maigra BO, Malahari BO",+91 98508 46009,https://www.niruplasticindia.com/,4.7,3.0,"S No-164, Near Shrinath Ware Housing, Fursungi Bhekrai Rd, Phursungi, Maharashtra 412308","Phursungi, Maharashtra Vidhyut Department Quarters",18.4783991,73.9640691,ChIJ____P8rpwjsR955Jr3TZ4_M,https://www.google.com/maps/place/?q=place_id:ChIJ____P8rpwjsR955Jr3TZ4_M,part_384,2026-09-20 20:19:53,5672
Gratitude Plastics,Plastic Molding Manufacturer,Plastic Injection Molding Workshop,Plastic Injection Molding Workshop,824206,Bihar Circle,Patna HQ Region,AurangabadBihar Division,"Imamganj SO, Maigra BO, Malahari BO",+91 83789 99876,N/A,5.0,5.0,"Gate No, ALLIANCE ASSEMBLING AND STAMPINGS, 245, Dehu - Alandi Rd, MIDC, Moshi, Pimpri-Chinchwad, Maharashtra 411070","MIDC, Moshi",18.6817314,73.8390101,ChIJv1gRsZa3wjsR9oJItpUqpbM,https://www.google.com/maps/place/?q=place_id:ChIJv1gRsZa3wjsR9oJItpUqpbM,part_384,2026-09-20 20:19:53,5673
"Pradip Plastic Moulders Pvt ltd , Chakan",Plastic Molding Manufacturer,Corporate office,Corporate office,824206,Bihar Circle,Patna HQ Region,AurangabadBihar Division,"Imamganj SO, Maigra BO, Malahari BO",+91 91759 29903,http://www.pradipplastic.com/,4.3,41.0,"PAP-K 17/18/19 , MIDC Chakan, Phase 2, Khalumbre, Maharashtra 410501",Phase 2,18.7530809,73.7778194,ChIJ0ynJFVS3wjsRko8y6Onj1Zs,https://www.google.com/maps/place/?q=place_id:ChIJ0ynJFVS3wjsRko8y6Onj1Zs,part_384,2026-09-20 20:19:53,5674
Rahul Plastic Industries,Plastic Molding Manufacturer,Plastic Injection Molding Workshop,"Plastic Injection Molding Workshop, Auto parts store, Electronic parts supplier, Plastic Products Supplier, Tool & die shop, Tool manufacturer, Tool repair shop, Toolroom",824206,Bihar Circle,Patna HQ Region,AurangabadBihar Division,"Imamganj SO, Maigra BO, Malahari BO",+91 98101 55138,https://seller.indiamart.com/social/businessfeeds/,4.0,6.0,"G-231, DSIIDC Industrial Area, Sector 3, Bawana, Delhi, 110039","DSIIDC Industrial Area, Sector 3, Bawana",28.784283199999997,77.05592109999999,ChIJjxUfDIIHDTkRGXv5ffyxH7c,https://www.google.com/maps/place/?q=place_id:ChIJjxUfDIIHDTkRGXv5ffyxH7c,part_384,2026-09-20 20:19:53,5675
Ankita Polytubes Private Limited,Plastic Molding Manufacturer,Pipe Manufacturer,Pipe Manufacturer,824206,Bihar Circle,Patna HQ Region,AurangabadBihar Division,"Imamganj SO, Maigra BO, Malahari BO",+91 93343 32119,http://ankitapolytubes.com/,4.8,83.0,"Shashi Complex, 104, Exhibition Rd, Fraser Road Area, Patna, Bihar 800001",Fraser Road Area,25.6073505,85.1411364,ChIJ7TkjnpRZ7TkRywCXXMPs8vM,https://www.google.com/maps/place/?q=place_id:ChIJ7TkjnpRZ7TkRywCXXMPs8vM,part_384,2026-09-20 20:19:53,5676
HR. Plast,Plastic Molding Manufacturer,Plastic Injection Molding Workshop,"Plastic Injection Molding Workshop, Service establishment, Plastic Products Supplier, Plastic Wholesaler",824207,Bihar Circle,Patna HQ Region,AurangabadBihar Division,"Konch SO Gaya, Adai BO, Ahiyapur BO",+91 98390 73368,N/A,5.0,1.0,"HR. Plast, 824207, India",824207,27.1381928,80.8593042,ChIJIWAk5ZwxjjkRrBvewEyQszw,https://www.google.com/maps/place/?q=place_id:ChIJIWAk5ZwxjjkRrBvewEyQszw,part_384,2026-09-20 20:20:32,9702
G. Plast Industries,Plastic Molding Manufacturer,Plastic Injection Molding Workshop,Plastic Injection Molding Workshop,824207,Bihar Circle,Patna HQ Region,AurangabadBihar Division,"Konch SO Gaya, Adai BO, Ahiyapur BO",+91 93702 63310,http://www.gplastindustries.com/,4.7,23.0,"Gate No 398, Village-Urawade, Lavasa Rd, Near Rudra Garden, Mulshi, Uravade, Maharashtra 412115",824207,18.4969874,73.669612,ChIJ5V03hDu9wjsREhC31Owjwvo,https://www.google.com/maps/place/?q=place_id:ChIJ5V03hDu9wjsREhC31Owjwvo,part_384,2026-09-20 20:20:32,9703
Alka Plastic Injection Molding -,Plastic Molding Manufacturer,Plastic Injection Molding Workshop,"Plastic Injection Molding Workshop, Mold maker, Plastic Products Supplier",824207,Bihar Circle,Patna HQ Region,AurangabadBihar Division,"Konch SO Gaya, Adai BO, Ahiyapur BO",+91 93200 62484,http://www.alkaplastic.com/,4.9,12.0,"Gala no 2, Swatik Compound, Chincholi Bunder Rd, near Fitlife gym, Malad, Nadiyawala Colony 2, Malad West, Mumbai, Maharashtra 400064","Malad, Nadiyawala Colony 2, Malad West",19.178936999999998,72.8443478,ChIJ61wl_Sy35zsRWzY5rvxpB7w,https://www.google.com/maps/place/?q=place_id:ChIJ61wl_Sy35zsRWzY5rvxpB7w,part_384,2026-09-20 20:20:32,9704
Kwality Plastic Industries,Plastic Molding Manufacturer,Manufacturer,Manufacturer,824207,Bihar Circle,Patna HQ Region,AurangabadBihar Division,"Konch SO Gaya, Adai BO, Ahiyapur BO",+91 88880 64353,http://kwalityindustries.in/,4.9,35.0,"Priyanka Nagari, Wagholi, Pune, Maharashtra 412207",Wagholi,18.574835099999998,73.96390339999999,ChIJq7ZX643DwjsRbN_46md3ge4,https://www.google.com/maps/place/?q=place_id:ChIJq7ZX643DwjsRbN_46md3ge4,part_384,2026-09-20 20:20:32,9705
Super Plast Industries,Plastic Molding Manufacturer,Plastic Injection Molding Workshop,"Plastic Injection Molding Workshop, Mold maker, Precision engineer",824207,Bihar Circle,Patna HQ Region,AurangabadBihar Division,"Konch SO Gaya, Adai BO, Ahiyapur BO",+91 98318 47508,http://www.superplastindustries.com/,4.9,,"Ho-Chi Minh Sarani, Jote Shibrampur, Surkhi Mill Compound, Maheshtala, Kolkata, West Bengal 700141","Joth Shibrampur, Parui Mauza",22.4892586,88.2733299,ChIJW6Y7MaJ7AjoRO9F8NEa6aZg,https://www.google.com/maps/place/?q=place_id:ChIJW6Y7MaJ7AjoRO9F8NEa6aZg,part_384,2026-09-20 20:20:33,9706
Patna Plastic,Plastic Molding Manufacturer,Manufacturer,Manufacturer,824207,Bihar Circle,Patna HQ Region,AurangabadBihar Division,"Konch SO Gaya, Adai BO, Ahiyapur BO",+91 82102 32290,N/A,4.9,,"Hira complex, Sadar Gali, Patna City, Khamji Begum Colony, Sadikpur, Patna, Bihar 800008","Patna City, Khamji Begum Colony, Sadikpur",25.5999368,85.22175539999999,ChIJ77g3shZf7TkR8cTq21D-AC4,https://www.google.com/maps/place/?q=place_id:ChIJ77g3shZf7TkR8cTq21D-AC4,part_384,2026-09-20 20:20:34,9707
Kajal Plastic,Plastic Molding Manufacturer,Manufacturer,Manufacturer,824207,Bihar Circle,Patna HQ Region,AurangabadBihar Division,"Konch SO Gaya, Adai BO, Ahiyapur BO",+91 82107 12392,N/A,4.5,,"Gosaighat Lane, Babuaganj, Alamganj, Patna, Bihar 800007","Babuaganj, Alamganj",25.6130808,85.19840339999999,ChIJHTfxGABf7TkRlCryljxl-SU,https://www.google.com/maps/place/?q=place_id:ChIJHTfxGABf7TkRlCryljxl-SU,part_384,2026-09-20 20:20:34,9708
KISHORE INDUSTRIES Pvt. Ltd.,Plastic Molding Manufacturer,Tool manufacturer,"Tool manufacturer, Plastic fabrication company, Plastic Injection Molding Workshop",824208,Bihar Circle,Patna HQ Region,AurangabadBihar Division,"Madanpur SO AurangabadBH, Ghatrain BO, Mahuawan BO",+91 240 661 0515,http://www.kabragroup.in/,4.6,,"C 33,, MIDC Rd, Waluj, Waladgaon, Maharashtra 431136",Waluj,19.8363773,75.2423073,ChIJuagTYdmb2zsRn3Racu0aNDc,https://www.google.com/maps/place/?q=place_id:ChIJuagTYdmb2zsRn3Racu0aNDc,part_384,2026-09-20 20:21:14,12451
Varsa Plastic Industries Pvt Ltd,Plastic Molding Manufacturer,Plastic fabrication company,Plastic fabrication company,824208,Bihar Circle,Patna HQ Region,AurangabadBihar Division,"Madanpur SO AurangabadBH, Ghatrain BO, Mahuawan BO",+91 98817 49140,http://www.vaidyagroup.com/,3.9,,"MIDC, Ranjangaon Shenpunji, Waluj, Itawa, Maharashtra 431133","MIDC, Ranjangaon Shenpunji, Waluj",19.829990799999997,75.19360619999999,ChIJVVVVVcWb2zsRW1HDZIap1OM,https://www.google.com/maps/place/?q=place_id:ChIJVVVVVcWb2zsRW1HDZIap1OM,part_384,2026-09-20 20:21:14,12452
LAMBODAR MOULDERS PVT LTD,Plastic Molding Manufacturer,Plastic Products Supplier,Plastic Products Supplier,824208,Bihar Circle,Patna HQ Region,AurangabadBihar Division,"Madanpur SO AurangabadBH, Ghatrain BO, Mahuawan BO",N/A,N/A,4.1,,"Gut no.926, Sompuri Road,Bidkin, Tq.Paithan, Aurangabad, Maharashtra 431105",824208,19.682225,75.300569,ChIJH3jK_QV12zsRVlnhZ4AvdsA,https://www.google.com/maps/place/?q=place_id:ChIJH3jK_QV12zsRVlnhZ4AvdsA,part_384,2026-09-20 20:21:14,12453
RAM INDUSTRIES,Plastic Molding Manufacturer,Plastic Injection Molding Workshop,Plastic Injection Molding Workshop,824208,Bihar Circle,Patna HQ Region,AurangabadBihar Division,"Madanpur SO AurangabadBH, Ghatrain BO, Mahuawan BO",+91 94212 63333,http://www.ramindustries.in/,4.0,,"39/17, MIDC, Ranjangaon, Waluj, Ranjangaon (Shenpunji), Maharashtra 431136","Ranjangaon, Waluj",19.8634582,75.22651909999999,ChIJHUVSrUea2zsR-d4YjNpHXDU,https://www.google.com/maps/place/?q=place_id:ChIJHUVSrUea2zsR-d4YjNpHXDU,part_384,2026-09-20 20:21:14,12454
Suyog Plastics,Plastic Molding Manufacturer,Manufacturer,Manufacturer,824208,Bihar Circle,Patna HQ Region,AurangabadBihar Division,"Madanpur SO AurangabadBH, Ghatrain BO, Mahuawan BO",+91 80 4842 7675,http://www.indiamart.com/suyogplastics,4.0,,"Gat No. 40, Waluj, MIDC, Waluj, Karodi, Maharashtra 431136",Waluj,19.8774494,75.218407,ChIJXazyuZ2i2zsR42HsjcoflVA,https://www.google.com/maps/place/?q=place_id:ChIJXazyuZ2i2zsR42HsjcoflVA,part_384,2026-09-20 20:21:14,12455
Kumar Elastomesh Pvt. Ltd.,Plastic Molding Manufacturer,Plastic Injection Molding Workshop,Plastic Injection Molding Workshop,824208,Bihar Circle,Patna HQ Region,AurangabadBihar Division,"Madanpur SO AurangabadBH, Ghatrain BO, Mahuawan BO",N/A,N/A,2.3,,"C-252/4 V7&8A MIDC, Waluj, Waladgaon, Maharashtra 431136",Waluj,19.8371922,75.2466329,ChIJ3fWdjdib2zsRin4nKLYpMgo,https://www.google.com/maps/place/?q=place_id:ChIJ3fWdjdib2zsRin4nKLYpMgo,part_384,2026-09-20 20:21:14,12456
Plastic Factory,Plastic Molding Manufacturer,Plastic Injection Molding Workshop,Plastic Injection Molding Workshop,824208,Bihar Circle,Patna HQ Region,AurangabadBihar Division,"Madanpur SO AurangabadBH, Ghatrain BO, Mahuawan BO",N/A,N/A,,,"HPRP+WP5, Gidha Industrial Area, Giddha, Bihar 802314",Gidha Industrial Area,25.5922159,84.7368513,ChIJc7SDOsinkjkRdYveL-usd1Q,https://www.google.com/maps/place/?q=place_id:ChIJc7SDOsinkjkRdYveL-usd1Q,part_384,2026-09-20 20:21:14,12457
Plastosil Moulds,Plastic Molding Manufacturer,Mold maker,Mold maker,824208,Bihar Circle,Patna HQ Region,AurangabadBihar Division,"Madanpur SO AurangabadBH, Ghatrain BO, Mahuawan BO",+91 95946 43410,http://plastosilmoulds.com/,5.0,20.0,"Gala No: 4, Gilbert Compound, Khairani Rd, opp. St. Anthony Church, Yadav Nagar, Chandivali, Saki Naka, Mumbai, Maharashtra 400072","Yadav Nagar, Chandivali, Saki Naka",19.1072597,72.8942579,ChIJg43_7nfI5zsRMQ5vslOpnOs,https://www.google.com/maps/place/?q=place_id:ChIJg43_7nfI5zsRMQ5vslOpnOs,part_384,2026-09-20 20:21:15,12458
Hansika Polymers,Plastic Molding Manufacturer,Plastic Injection Molding Workshop,"Plastic Injection Molding Workshop, Paving materials supplier",824209,Bihar Circle,Patna HQ Region,Gaya Division,"Paraiya SO, Kapasiya BO, Khanetu BO",+91 98332 20630,http://coverblockmoulds.com/,4.9,,"8, RK INDUSTRY ESTATE, Walbhat Rd, Vakil Industrial Estate, Cama Industrial Estate, Goregaon East, Mumbai, Maharashtra 400063","Vakil Industrial Estate, Cama Industrial Estate, Goregaon East",19.1570842,72.8520412,ChIJ-WaAe7S35zsRmTIY834NwW4,https://www.google.com/maps/place/?q=place_id:ChIJ-WaAe7S35zsRmTIY834NwW4,part_384,2026-09-20 20:21:54,15134
GURUDEV PLASTIC,Plastic Molding Manufacturer,Plastic bag supplier,"Plastic bag supplier, Shopping mall",824209,Bihar Circle,Patna HQ Region,Gaya Division,"Paraiya SO, Kapasiya BO, Khanetu BO",N/A,N/A,4.0,4.0,"Shitla gali, Sutapatty, Muzaffarpur, Bihar 842001",Sutapatti,26.1247179,85.3857201,ChIJVYspKu4Q7TkR-oMYihQkYB0,https://www.google.com/maps/place/?q=place_id:ChIJVYspKu4Q7TkR-oMYihQkYB0,part_384,2026-09-20 20:21:56,15135
PLAST MOULD INDUSTRIES,Plastic Molding Manufacturer,Plastic Injection Molding Workshop,Plastic Injection Molding Workshop,824210,Bihar Circle,Patna HQ Region,AurangabadBihar Division,"Raniganj SO Gaya, Bara BO, Bedauli BO",+91 98995 56769,https://plastmouldindustries.co.in/,4.8,13.0,"HSIIDC, Plot no.- 2120, Phase-II, Rai Industrial Estate, Sonipat, Haryana 131029",Sector 38,28.9264472,77.0852139,ChIJfYM-LmCvDTkR1insSGYf0XE,https://www.google.com/maps/place/?q=place_id:ChIJfYM-LmCvDTkR1insSGYf0XE,part_384,2026-09-20 20:22:37,18158
Ikon Moulders Pvt. Ltd.,Plastic Molding Manufacturer,Manufacturer,Manufacturer,824210,Bihar Circle,Patna HQ Region,AurangabadBihar Division,"Raniganj SO Gaya, Bara BO, Bedauli BO",+91 98904 75278,http://www.ikonmoulders.com/,4.8,,"Gat No, 1610, Dehu - Alandi Rd, opp. ABHANG VISHWA, Patilnagar, Appt, Chikhali, Pimpri-Chinchwad, Maharashtra 411062","Patilnagar, Appt, Chikhali",18.687355099999998,73.8057719,ChIJMwsROwC3wjsR8RLyLyHAUTQ,https://www.google.com/maps/place/?q=place_id:ChIJMwsROwC3wjsR8RLyLyHAUTQ,part_384,2026-09-20 20:22:38,18159
Thermoplastic Technologies,Plastic Molding Manufacturer,Plastic Injection Molding Workshop,"Plastic Injection Molding Workshop, Company",824210,Bihar Circle,Patna HQ Region,AurangabadBihar Division,"Raniganj SO Gaya, Bara BO, Bedauli BO",+91 98102 02090,https://www.indiamart.com/thermoplastic-technologies/,4.6,,"74, GT Karnal Rd, opp. Metro Pillar no.144, SSI Industrial Area, Jahangirpuri Industrial Area, Jahangirpuri, Delhi, 110033","SSI Industrial Area, Jahangirpuri Industrial Area, Jahangirpuri",28.7285972,77.15574079999999,ChIJVzkLGJkBDTkRq-LNkaI_G7A,https://www.google.com/maps/place/?q=place_id:ChIJVzkLGJkBDTkRq-LNkaI_G7A,part_384,2026-09-20 20:22:38,18160
G M Industries,Plastic Molding Manufacturer,Plastic Injection Molding Workshop,"Plastic Injection Molding Workshop, Manufacturer, Molding supplier, Mold maker, Tool & die shop",824210,Bihar Circle,Patna HQ Region,AurangabadBihar Division,"Raniganj SO Gaya, Bara BO, Bedauli BO",+91 98992 20268,https://godmotherindustries.com/,5.0,,"C52, Back Side, Mayapuri Industrial Area Phase II, Mayapuri, New Delhi, Delhi, 110064","Mayapuri Industrial Area Phase II, Mayapuri",28.622716399999998,77.12015439999999,ChIJ_WsmOzgDDTkRUO4n7gZnnSo,https://www.google.com/maps/place/?q=place_id:ChIJ_WsmOzgDDTkRUO4n7gZnnSo,part_384,2026-09-20 20:22:38,18161
Kamath Plastics Jigani,Plastic Molding Manufacturer,Plastic Injection Molding Workshop,"Plastic Injection Molding Workshop, Auto parts manufacturer, 3D printing service",824210,Bihar Circle,Patna HQ Region,AurangabadBihar Division,"Raniganj SO Gaya, Bara BO, Bedauli BO",+91 80 2782 5121,https://kamathplastics.in/,5.0,,"Plot 112/ P, Road n°4, 2nd Phase, industrial Area, Jigani, Bengaluru, Karnataka 560105","2nd Phase, industrial Area",12.7720024,77.6341595,ChIJox_DF6lprjsRs1Rl9RQauyk,https://www.google.com/maps/place/?q=place_id:ChIJox_DF6lprjsRs1Rl9RQauyk,part_384,2026-09-20 20:22:38,18162
Vinayak Engineering Works,Plastic Molding Manufacturer,Molding supplier,"Molding supplier, Engineering consultant",824210,Bihar Circle,Patna HQ Region,AurangabadBihar Division,"Raniganj SO Gaya, Bara BO, Bedauli BO",+91 85278 08541,https://vinayak-engineering.grexa.site/,4.6,,"B-79, Pocket X, Okhla Phase II, Okhla Industrial Estate, Phase2, New Delhi, Delhi 110020","Pocket X, Okhla Phase II, Okhla Industrial Estate",28.5374913,77.276637,ChIJu8vb_7DiDDkRjzYtA8ueKkw,https://www.google.com/maps/place/?q=place_id:ChIJu8vb_7DiDDkRjzYtA8ueKkw,part_384,2026-09-20 20:22:38,18163
Infotrans Designs and Engineering,Plastic Molding Manufacturer,Plastic Injection Molding Workshop,Plastic Injection Molding Workshop,824210,Bihar Circle,Patna HQ Region,AurangabadBihar Division,"Raniganj SO Gaya, Bara BO, Bedauli BO",+91 80 4763 6153,http://www.infotrans-caddesign.com/,4.7,7.0,"Unit 33, Sumatinath Industrial Estate, Chincholi Bunder Rd, off New Link Road, Malad, Ram Nagar, Malad West, Mumbai, Maharashtra 400064","Malad, Ram Nagar, Malad West",19.1763315,72.8348851,ChIJ0-TA89O35zsR8ILsA4q3BeQ,https://www.google.com/maps/place/?q=place_id:ChIJ0-TA89O35zsR8ILsA4q3BeQ,part_384,2026-09-20 20:22:39,18164
Jiwan Plasto Moulds Corporation,Plastic Molding Manufacturer,Plastic Injection Molding Workshop,Plastic Injection Molding Workshop,824210,Bihar Circle,Patna HQ Region,AurangabadBihar Division,"Raniganj SO Gaya, Bara BO, Bedauli BO",+91 98973 90733,N/A,4.1,10.0,"Plot No - 26, Sector - 07 Integrated Industrial Estate, SIIDCUL, Nagar, Pantnagar, Rudrapur, Uttarakhand 263153",Nagar,28.9997062,79.4140652,ChIJxcLyQy-BoDkRZmYDZg-83hE,https://www.google.com/maps/place/?q=place_id:ChIJxcLyQy-BoDkRZmYDZg-83hE,part_384,2026-09-20 20:22:39,18165
Moulds Land,Plastic Molding Manufacturer,Manufacturer,Manufacturer,824211,Bihar Circle,Patna HQ Region,AurangabadBihar Division,"Sherghati SO, Barhussainganj BO, Betibigha BO",+91 97116 71896,N/A,5.0,,"Khas-225, Khera Choganpur, Jalpura, Greater Noida, Uttar Pradesh 201306","Khera Choganpur, Jalpura",28.5435727,77.45306719999999,ChIJy59rEcLpDDkR2W9TA_nOdtw,https://www.google.com/maps/place/?q=place_id:ChIJy59rEcLpDDkR2W9TA_nOdtw,part_384,2026-09-20 20:23:19,21168
Plast Fab Works,Plastic Molding Manufacturer,Plastic Injection Molding Workshop,Plastic Injection Molding Workshop,824211,Bihar Circle,Patna HQ Region,AurangabadBihar Division,"Sherghati SO, Barhussainganj BO, Betibigha BO",+91 72196 30161,https://www.plastfabworks.com/,5.0,,"Andheri (E, Metro Station, H-234, Saki Vihar Rd, near Saki Naka, near Shiv Sagar restaurant, Ansa Industrial Estate, Chandivali, Saki Naka, Mumbai, Maharashtra 400072","Ansa Industrial Estate, Chandivali, Saki Naka",19.1088682,72.8889296,ChIJEcS0Nw3I5zsRf46L-ShSOnQ,https://www.google.com/maps/place/?q=place_id:ChIJEcS0Nw3I5zsRf46L-ShSOnQ,part_384,2026-09-20 20:23:19,21169
Kirat Plastics Pvt Ltd,Plastic Molding Manufacturer,Manufacturer,"Manufacturer, Design engineer, Material handling equipment supplier, Plastic Injection Molding Workshop, Plastic Products Supplier",824211,Bihar Circle,Patna HQ Region,AurangabadBihar Division,"Sherghati SO, Barhussainganj BO, Betibigha BO",+91 99112 34425,http://kiratplastics.com/,4.1,,"Village Dhumaspur, Sohna Rd, Badshahpur, Gurugram, Haryana 122102",Badshahpur,28.3752997,77.0748807,ChIJfxz8qLYjDTkR8O8oTPeFulM,https://www.google.com/maps/place/?q=place_id:ChIJfxz8qLYjDTkR8O8oTPeFulM,part_384,2026-09-20 20:23:19,21170
Agroha Plastic company (sutli/ pp twine manufacturer) (A P COMPANY),Plastic Molding Manufacturer,Housing complex,Housing complex,824211,Bihar Circle,Patna HQ Region,AurangabadBihar Division,"Sherghati SO, Barhussainganj BO, Betibigha BO",N/A,N/A,4.0,,"Q2X3+HCR, Purani Godaam, Dulhingunj, Gaya, Bihar 823001","Purani Godaam, Dulhingunj",24.7991049,85.00358659999999,ChIJQczvaCcr8zkRjrk2btkXcpA,https://www.google.com/maps/place/?q=place_id:ChIJQczvaCcr8zkRjrk2btkXcpA,part_384,2026-09-20 20:23:20,21171
Akash Plastic,Plastic Molding Manufacturer,Plastic Wholesaler,Plastic Wholesaler,824211,Bihar Circle,Patna HQ Region,AurangabadBihar Division,"Sherghati SO, Barhussainganj BO, Betibigha BO",+91 85072 56800,N/A,4.7,,"AN Road, near Santosh Transport, Purani Godaam, Gol Bagicha, Gaya, Bihar 823002","Purani Godaam, Gol Bagicha",24.8004028,85.0050016,ChIJsTHKWYAr8zkRNldduvfYeeo,https://www.google.com/maps/place/?q=place_id:ChIJsTHKWYAr8zkRNldduvfYeeo,part_384,2026-09-20 20:23:20,21172
VISHAL PLASTIC COMPANY,Plastic Molding Manufacturer,Plastic resin manufacturer,Plastic resin manufacturer,824211,Bihar Circle,Patna HQ Region,AurangabadBihar Division,"Sherghati SO, Barhussainganj BO, Betibigha BO",N/A,N/A,5.0,,"Naresh Nagar, DVC Colony, Jhumri Telaiya, Jharkhand 825409","Naresh Nagar, DVC Colony",24.4392374,85.51950719999999,ChIJu4siLdxz8zkRrrZTZU7KbeQ,https://www.google.com/maps/place/?q=place_id:ChIJu4siLdxz8zkRrrZTZU7KbeQ,part_384,2026-09-20 20:23:20,21173
Gaya Plastic,Plastic Molding Manufacturer,Plastic Products Supplier,Plastic Products Supplier,824211,Bihar Circle,Patna HQ Region,AurangabadBihar Division,"Sherghati SO, Barhussainganj BO, Betibigha BO",+91 94710 44923,N/A,5.0,,"Q2W4+PF3, Chuna Gali, Purani Godaam, Dulhingunj, Gaya, Bihar 823001","Purani Godaam, Dulhingunj",24.7967636,85.0061583,ChIJJQWl4j0q8zkRvz_y_cCIlpM,https://www.google.com/maps/place/?q=place_id:ChIJJQWl4j0q8zkRvz_y_cCIlpM,part_384,2026-09-20 20:23:20,21174
Sambhav Sales,Plastic Molding Manufacturer,Plastic Products Supplier,Plastic Products Supplier,824211,Bihar Circle,Patna HQ Region,AurangabadBihar Division,"Sherghati SO, Barhussainganj BO, Betibigha BO",+91 631 796 2297,N/A,4.4,,"Katra Gali, Murarpur Rd, near Panchmukhi Mahadev Mandir, Gol Bagicha, Gaya, Bihar 823001",Gol Bagicha,24.7994667,85.0060802,ChIJd-qTkvcr8zkRS4pWIXMriFc,https://www.google.com/maps/place/?q=place_id:ChIJd-qTkvcr8zkRS4pWIXMriFc,part_384,2026-09-20 20:23:20,21175
Alok plastic gaya,Plastic Molding Manufacturer,Wholesaler,Wholesaler,824211,Bihar Circle,Patna HQ Region,AurangabadBihar Division,"Sherghati SO, Barhussainganj BO, Betibigha BO",+91 79922 14817,N/A,4.5,,"AN Road, Murarpur, Gaya, Bihar 823002",Murarpur,24.800966799999998,85.0067918,ChIJjUn_3tIr8zkRz8azlOKfSp0,https://www.google.com/maps/place/?q=place_id:ChIJjUn_3tIr8zkRz8azlOKfSp0,part_384,2026-09-20 20:23:20,21176
KRBR Enterprises,Plastic Molding Manufacturer,Plastic Products Supplier,Plastic Products Supplier,824211,Bihar Circle,Patna HQ Region,AurangabadBihar Division,"Sherghati SO, Barhussainganj BO, Betibigha BO",N/A,N/A,5.0,,"Ramna Rd, opposite of Rama bhawan, Durga Bari, Gaya, Bihar 823001",Durga Bari,24.793261299999998,85.00884289999999,ChIJl5Lpe6gr8zkR5FedHmfHK8I,https://www.google.com/maps/place/?q=place_id:ChIJl5Lpe6gr8zkR5FedHmfHK8I,part_384,2026-09-20 20:23:20,21177
Hassan plastic & steel,Plastic Molding Manufacturer,Plastic Products Supplier,Plastic Products Supplier,824211,Bihar Circle,Patna HQ Region,AurangabadBihar Division,"Sherghati SO, Barhussainganj BO, Betibigha BO",N/A,N/A,4.0,,"munni masjid, Ram Pur, Gewalbigha, Gaya, Bihar 823001","Ram Pur, Gewalbigha",24.7806292,84.9908549,ChIJe2oezm0r8zkR7kdJZoZIChA,https://www.google.com/maps/place/?q=place_id:ChIJe2oezm0r8zkR7kdJZoZIChA,part_384,2026-09-20 20:23:20,21178
JINDAL PLASTIC,Plastic Molding Manufacturer,Home goods store,Home goods store,824211,Bihar Circle,Patna HQ Region,AurangabadBihar Division,"Sherghati SO, Barhussainganj BO, Betibigha BO",+91 96080 45032,N/A,4.3,,"Gautam Buddha Rd, Murarpur, Gaya, Bihar 823001",Murarpur,24.800007299999997,85.0090993,ChIJX0Ux_rkr8zkRpjpK6aSy-H0,https://www.google.com/maps/place/?q=place_id:ChIJX0Ux_rkr8zkRpjpK6aSy-H0,part_384,2026-09-20 20:23:20,21179
Plastic India,Plastic Molding Manufacturer,Home goods store,"Home goods store, Furniture store",824211,Bihar Circle,Patna HQ Region,AurangabadBihar Division,"Sherghati SO, Barhussainganj BO, Betibigha BO",N/A,N/A,4.8,,"4RC6+MJX, SH 69, Kurtha, Bihar 804421",824211,25.1217258,84.8116046,ChIJ0zY211o3jTkR8n6qrVnKmpg,https://www.google.com/maps/place/?q=place_id:ChIJ0zY211o3jTkR8n6qrVnKmpg,part_384,2026-09-20 20:23:20,21180
Jk Plastics..,Plastic Molding Manufacturer,Manufacturer,"Manufacturer, Plastic Products Supplier",824211,Bihar Circle,Patna HQ Region,AurangabadBihar Division,"Sherghati SO, Barhussainganj BO, Betibigha BO",+91 76543 94818,N/A,4.6,,"Vill-Beda P/O-MORSHRAY Dis, Sasaram, Bihar 821113",Beda,24.9537394,83.9907812,ChIJBxXq8mu3jTkRU6BBK6CeZGE,https://www.google.com/maps/place/?q=place_id:ChIJBxXq8mu3jTkRU6BBK6CeZGE,part_384,2026-09-20 20:23:20,21181
Sanjay plastic center,Plastic Molding Manufacturer,Packaging supply store,Packaging supply store,824211,Bihar Circle,Patna HQ Region,AurangabadBihar Division,"Sherghati SO, Barhussainganj BO, Betibigha BO",+91 94312 70780,N/A,5.0,,"AN Road, Murarpur, Gaya, Bihar 823002",Murarpur,24.8004589,85.0064137,ChIJgb4AtWEr8zkRDDpPI9oAbxo,https://www.google.com/maps/place/?q=place_id:ChIJgb4AtWEr8zkRDDpPI9oAbxo,part_384,2026-09-20 20:23:20,21182
Jindal Polyplast Industries,Plastic Molding Manufacturer,Manufacturer,Manufacturer,824211,Bihar Circle,Patna HQ Region,AurangabadBihar Division,"Sherghati SO, Barhussainganj BO, Betibigha BO",+91 92344 33306,N/A,5.0,,"Road No. 1, beside Hindustan Press, Old Kareem Ganj, Kareem Ganj, Gaya, Bihar 823001","Old Kareem Ganj, Kareem Ganj",24.7934502,84.98716759999999,ChIJ60R-a9gr8zkRRF_Fdy0gGWU,https://www.google.com/maps/place/?q=place_id:ChIJ60R-a9gr8zkRRF_Fdy0gGWU,part_384,2026-09-20 20:23:20,21183
Shubham Plastic,Plastic Molding Manufacturer,Disposable Items shop,Disposable Items shop,824211,Bihar Circle,Patna HQ Region,AurangabadBihar Division,"Sherghati SO, Barhussainganj BO, Betibigha BO",+91 95041 06704,N/A,4.5,,"Shubham Plastic, Purani Godaam, Dhamitola, Lane, Dulhingunj, Gaya, Bihar 823001","Dhamitola, Lane, Dulhingunj",24.797874999999998,85.0069395,ChIJFXEV2Ewr8zkR7pnVIMfMH7Q,https://www.google.com/maps/place/?q=place_id:ChIJFXEV2Ewr8zkR7pnVIMfMH7Q,part_384,2026-09-20 20:23:20,21184
Ocean Plastic Industries,Plastic Molding Manufacturer,Manufacturer,"Manufacturer, Service establishment",824211,Bihar Circle,Patna HQ Region,AurangabadBihar Division,"Sherghati SO, Barhussainganj BO, Betibigha BO",N/A,N/A,5.0,,"Ocean Plastic Industries, 824211, India",824211,21.0680074,82.7525294,ChIJ-YfwyFVVkzkR39UhIW0goJQ,https://www.google.com/maps/place/?q=place_id:ChIJ-YfwyFVVkzkR39UhIW0goJQ,part_384,2026-09-20 20:23:20,21185
M/S Shree Laxmi Aluminium,Plastic Molding Manufacturer,Manufacturer,Manufacturer,824211,Bihar Circle,Patna HQ Region,AurangabadBihar Division,"Sherghati SO, Barhussainganj BO, Betibigha BO",+91 91997 80860,N/A,5.0,,"Pachhatti, Bodh Gaya, Bihar 824231",824211,24.702617699999998,84.9912932,ChIJ8eXuTb4t8zkRK1u9g5_zcCs,https://www.google.com/maps/place/?q=place_id:ChIJ8eXuTb4t8zkRK1u9g5_zcCs,part_384,2026-09-20 20:23:20,21186
bankey bihari industrial product co.,Plastic Molding Manufacturer,Plastic Injection Molding Workshop,Plastic Injection Molding Workshop,824217,Bihar Circle,Patna HQ Region,AurangabadBihar Division,"Bankey Bajar SO, Anjan BO, Azamgarh BO",+91 95557 58684,http://www.bipco.in/,4.0,,"D680a, Chawla Colony, Sector 4, Ballabhgarh, Faridabad, Haryana 121004","Chawla Colony, Sector 4, Ballabhgarh",28.3448712,77.3223915,ChIJn8-vFoTbDDkR0v1NyRW7HYE,https://www.google.com/maps/place/?q=place_id:ChIJn8-vFoTbDDkR0v1NyRW7HYE,part_384,2026-09-20 20:24:00,23159
SINGARI ( Plastic Molding Company ),Plastic Molding Manufacturer,Corporate office,"Corporate office, Factory equipment supplier",824217,Bihar Circle,Patna HQ Region,AurangabadBihar Division,"Bankey Bajar SO, Anjan BO, Azamgarh BO",+91 98113 54365,N/A,4.4,,"Block C, C-17, Block B, Sector 80, Noida, Uttar Pradesh 201305","Block B, Sector 80",28.556790099999997,77.39916509999999,ChIJJZediD3vDDkRAule0QA2Qu4,https://www.google.com/maps/place/?q=place_id:ChIJJZediD3vDDkRAule0QA2Qu4,part_384,2026-09-20 20:24:00,23160
KSB Machinery LLP,Plastic Molding Manufacturer,Manufacturer,"Manufacturer, Plastic Injection Molding Workshop",824217,Bihar Circle,Patna HQ Region,AurangabadBihar Division,"Bankey Bajar SO, Anjan BO, Azamgarh BO",+91 98240 23849,https://www.ksblion.co.in/,4.8,,"Plot No.A-60, Swastik Industrial Park Nr. Canal, Kuha-kothiya Road Indore Highway, Ta, At, Kuha, Gujarat 382433",At,23.004503399999997,72.77992669999999,ChIJ47ltDlCHXjkRgjWf7XLAuv0,https://www.google.com/maps/place/?q=place_id:ChIJ47ltDlCHXjkRgjWf7XLAuv0,part_384,2026-09-20 20:24:00,23161
Acme Plastics,Plastic Molding Manufacturer,Plastic Products Supplier,Plastic Products Supplier,824217,Bihar Circle,Patna HQ Region,AurangabadBihar Division,"Bankey Bajar SO, Anjan BO, Azamgarh BO",+91 93122 37169,http://www.acmeplasticsindia.com/,4.1,,"Plot No. 4, Krishna Nagar, Opposite Plot No. 79, Sector No. 25, Ballabhgarh, Faridabad, Haryana 121004","Krishna Nagar, Sector 56A",28.335815699999998,77.301778,ChIJu___Q0fcDDkRlG0Th3r7iP4,https://www.google.com/maps/place/?q=place_id:ChIJu___Q0fcDDkRlG0Th3r7iP4,part_384,2026-09-20 20:24:00,23162
S K Plastic Industries,Plastic Molding Manufacturer,Plastic Injection Molding Workshop,Plastic Injection Molding Workshop,824217,Bihar Circle,Patna HQ Region,AurangabadBihar Division,"Bankey Bajar SO, Anjan BO, Azamgarh BO",+91 94153 01837,N/A,3.4,,"D-59/127 AZ-1, Shivaji Nagar Colony, Mahmoorganj, Varanasi, Uttar Pradesh 221010","Shivaji Nagar Colony, Mahmoorganj",25.3069569,82.97725369999999,ChIJYWeN4I8zjjkRd2FOFkK-NdA,https://www.google.com/maps/place/?q=place_id:ChIJYWeN4I8zjjkRd2FOFkK-NdA,part_384,2026-09-20 20:24:01,23163
Sperry,Plastic Molding Manufacturer,Plastic Injection Molding Workshop,Plastic Injection Molding Workshop,824217,Bihar Circle,Patna HQ Region,AurangabadBihar Division,"Bankey Bajar SO, Anjan BO, Azamgarh BO",+91 99537 99032,https://www.sperryplast.com/,3.8,,"Plot no 16, Udyog Vihar, Ecotech-II, Surajpur, Greater Noida, Uttar Pradesh 201306","Ecotech-II, Surajpur",28.5011023,77.4740387,ChIJk_rLIynqDDkRVxDPQyz_uM4,https://www.google.com/maps/place/?q=place_id:ChIJk_rLIynqDDkRVxDPQyz_uM4,part_384,2026-09-20 20:24:01,23164
Avyukt Moulds Technology,Plastic Molding Manufacturer,Mold maker,Mold maker,824217,Bihar Circle,Patna HQ Region,AurangabadBihar Division,"Bankey Bajar SO, Anjan BO, Azamgarh BO",+91 88026 88207,https://www.avyuktmouldstechnology.com/,4.9,,"204/8, Jeevan Park, Siraspur, Delhi, 110042","Jeevan Park, Siraspur",28.756269399999997,77.1402086,ChIJx-Ef88wBDTkRA3P3JAHuU-I,https://www.google.com/maps/place/?q=place_id:ChIJx-Ef88wBDTkRA3P3JAHuU-I,part_384,2026-09-20 20:24:01,23165
Plastic Products Company,Plastic Molding Manufacturer,Plastic Products Supplier,Plastic Products Supplier,824217,Bihar Circle,Patna HQ Region,AurangabadBihar Division,"Bankey Bajar SO, Anjan BO, Azamgarh BO",+91 90121 04070,http://ppc5.in/,4.7,,"Plot No. 287, PCNTDA, Sector Number 7, Bhosari, Pune, Pimpri-Chinchwad, Maharashtra 411026","PCNTDA, Sector Number 7, Bhosari",18.6424858,73.8407007,ChIJC122qHW4wjsRARFMUSl9_K8,https://www.google.com/maps/place/?q=place_id:ChIJC122qHW4wjsRARFMUSl9_K8,part_384,2026-09-20 20:24:01,23166
G PLASTIC INDIA PRIVATE LIMITED UNIT I,Plastic Molding Manufacturer,Manufacturer,Manufacturer,824219,Bihar circle,Patna HQ Region,AurangabadBihar Division,"Jhari BO, Amas SO, NAGWANGARH BO",N/A,N/A,4.6,,"X7MJ+48C, Chharodi, Gujarat 382170",824219,22.9828098,72.2807543,ChIJ8-uWUYujXjkRItCIMdHhfXE,https://www.google.com/maps/place/?q=place_id:ChIJ8-uWUYujXjkRItCIMdHhfXE,part_384,2026-09-20 20:24:39,24857
SREE GEE DIE & MOULD MFG. PVT. LTD.,Plastic Molding Manufacturer,Corporate office,Corporate office,824219,Bihar circle,Patna HQ Region,AurangabadBihar Division,"Jhari BO, Amas SO, NAGWANGARH BO",+91 33 2577 4109,http://sreegeediemould.com/,4.1,,"108, Neogi Para Rd, Neogipara, Baranagar, West Bengal 700036","Neogipara, Baranagar",22.6425262,88.3700786,ChIJbffVkaSd-DkRo3FLmVjDck0,https://www.google.com/maps/place/?q=place_id:ChIJbffVkaSd-DkRo3FLmVjDck0,part_384,2026-09-20 20:24:39,24858
Pratishna Engineers Ltd,Plastic Molding Manufacturer,Manufacturer,"Manufacturer, Industrial equipment supplier, Machine construction, Machine shop",824219,Bihar circle,Patna HQ Region,AurangabadBihar Division,"Jhari BO, Amas SO, NAGWANGARH BO",+91 99690 38542,https://www.pratishnaengineers.com/,4.9,,"Oxford Chambers, A - 1-4, Vaibhav Indl. Premises, Opp, Andheri - Kurla Road, Saki Vihar Rd, Mumbai, Maharashtra 400072","Muranjan Wadi, Marol, Powai",19.1187051,72.8889456,ChIJRVR9ciHP5zsRQJfdm00XV2A,https://www.google.com/maps/place/?q=place_id:ChIJRVR9ciHP5zsRQJfdm00XV2A,part_384,2026-09-20 20:24:39,24859
"SAM ENGINEERS ( BRAND NAME) SAM PLASTIC ENGINEERING Manufacturer of plastic injection molding machine (VASAI, Mumbai, India)",Plastic Molding Manufacturer,Manufacturer,"Manufacturer, Industrial equipment supplier",824219,Bihar circle,Patna HQ Region,AurangabadBihar Division,"Jhari BO, Amas SO, NAGWANGARH BO",+91 99309 66171,https://sam-engineers-brand-name.grexa.site/,4.9,,"SAM ENGINEERS Factory Address: Gala No. 27, Extension 2, Building No. 1, Rajprabha Udyog Nagar, Near Golani Naka, Waliv, Vasai East, Mumbai, Maharashtra 401208","Waliv, Golani Naka, Vasai East",19.415685,72.8562397,ChIJx5fjdtqo5zsRTsXX7hmr-RU,https://www.google.com/maps/place/?q=place_id:ChIJx5fjdtqo5zsRTsXX7hmr-RU,part_384,2026-09-20 20:24:39,24860
Omkar Engineering India Pvt Ltd,Plastic Molding Manufacturer,Plastic Injection Molding Workshop,"Plastic Injection Molding Workshop, Exporter, Manufacturer",824219,Bihar circle,Patna HQ Region,AurangabadBihar Division,"Jhari BO, Amas SO, NAGWANGARH BO",+91 92234 64314,http://www.omkarengineeringindia.co.in/,4.6,,"Khalsa Industrial Estate, Nahur West, Industrial Area, Bhandup West, Mumbai, Maharashtra 400078","Nahur West, Industrial Area, Bhandup West",19.159121199999998,72.9433262,ChIJVVVVBWS45zsRLpdwLZ4LuYU,https://www.google.com/maps/place/?q=place_id:ChIJVVVVBWS45zsRLpdwLZ4LuYU,part_384,2026-09-20 20:24:39,24861
MUN PLAST,Plastic Molding Manufacturer,Manufacturer,Manufacturer,824219,Bihar circle,Patna HQ Region,AurangabadBihar Division,"Jhari BO, Amas SO, NAGWANGARH BO",+91 99206 63776,https://www.indiamart.com/munplast-mumbai/,4.5,,"Plot G1-G2 Chetna Mehta House Bldg, Off, Walbhat Rd, Cama Industrial Estate, Goregaon East, Mumbai, Maharashtra 400063","Cama Industrial Estate, Goregaon East",19.158087,72.85280709999999,ChIJa6Zb3b235zsRRnSLquGB5gY,https://www.google.com/maps/place/?q=place_id:ChIJa6Zb3b235zsRRnSLquGB5gY,part_384,2026-09-20 20:24:39,24862
S.S. ENGG. WORKS.,Plastic Molding Manufacturer,Manufacturer,"Manufacturer, Plastic Injection Molding Workshop",824219,Bihar circle,Patna HQ Region,AurangabadBihar Division,"Jhari BO, Amas SO, NAGWANGARH BO",+91 98151 01895,http://www.ssew.in/,5.0,12.0,"Gill Road, #1569, Street No. 11, Dasmesh Nagar, Ludhiana, Punjab 141003","Dasmesh Nagar, New Kartar Nagar",30.8847614,75.8568439,ChIJQT4PIfmCGjkRdBlhG2nwjSs,https://www.google.com/maps/place/?q=place_id:ChIJQT4PIfmCGjkRdBlhG2nwjSs,part_384,2026-09-20 20:24:40,24863
Micro plastic,Plastic Molding Manufacturer,Plastic Injection Molding Workshop,Plastic Injection Molding Workshop,824219,Bihar circle,Patna HQ Region,AurangabadBihar Division,"Jhari BO, Amas SO, NAGWANGARH BO",N/A,N/A,4.8,6.0,"Sampei, Kurunta, Odisha 756047",824219,21.2723724,86.5603483,ChIJF4l6RQ4THDoRSNe3ZEpszWs,https://www.google.com/maps/place/?q=place_id:ChIJF4l6RQ4THDoRSNe3ZEpszWs,part_384,2026-09-20 20:24:40,24864
R. Engineering - Plastic Machine Manufacturer,Plastic Molding Manufacturer,Plastic Injection Molding Workshop,"Plastic Injection Molding Workshop, Plastic fabrication company",824219,Bihar circle,Patna HQ Region,AurangabadBihar Division,"Jhari BO, Amas SO, NAGWANGARH BO",+91 98306 53143,http://www.plasticmachinemanufacturer.co.in/,3.0,2.0,"35A, Basanta Lal Saha Rd, Mahabirtala, Kalabagan, New Alipore, Kolkata, West Bengal 700053","Mahabirtala, Kalabagan, New Alipore",22.501192399999997,88.3402764,ChIJVaPQnohxAjoR4CIHJs0r5-8,https://www.google.com/maps/place/?q=place_id:ChIJVaPQnohxAjoR4CIHJs0r5-8,part_384,2026-09-20 20:24:40,24865
CHARM WOOD PLASTICS,Plastic Molding Manufacturer,Plastic Products Supplier,Plastic Products Supplier,824219,Bihar circle,Patna HQ Region,AurangabadBihar Division,"Jhari BO, Amas SO, NAGWANGARH BO",N/A,N/A,5.0,5.0,"F 133, F Block, Sector 8, Noida, Uttar Pradesh 201301","F Block, Sector 8",28.5974979,77.325508,ChIJ66G00w_lDDkRQhGusJAON-s,https://www.google.com/maps/place/?q=place_id:ChIJ66G00w_lDDkRQhGusJAON-s,part_384,2026-09-20 20:24:40,24866
Plastics (INDIA),Plastic Molding Manufacturer,Manufacturer,Manufacturer,824219,Bihar circle,Patna HQ Region,AurangabadBihar Division,"Jhari BO, Amas SO, NAGWANGARH BO",N/A,http://www.plasticsindia.in/,5.0,13.0,"64/1, Khudiram Bose Sarani, Milk Colony, Rajbari, Kolkata, West Bengal 700037","Milk Colony, Rajbari",22.605469199999998,88.3905645,ChIJYVhWsip3AjoRM7CGHaEbh6o,https://www.google.com/maps/place/?q=place_id:ChIJYVhWsip3AjoRM7CGHaEbh6o,part_384,2026-09-20 20:24:40,24867
S.G. Rubber plastic&engineering works,Plastic Molding Manufacturer,Plastic Injection Molding Workshop,"Plastic Injection Molding Workshop, Manufacturer",824220,Bihar Circle,Patna HQ Region,AurangabadBihar Division,"Dobhi SO, Amarut BO, Babahandeo BO",+91 94170 14441,http://www.sgenggworks.com/,4.7,27.0,"Plot No, 485, Gurudwara Sahib Rd, Sector 82, Industrial Park, JLPL, Sec-82, Sahibzada Ajit Singh Nagar, Punjab 140306","Sector 82, Industrial Park, JLPL, Sec-82",30.6572753,76.7351176,ChIJl4PYtvTsDzkRuy6MTYKBJCY,https://www.google.com/maps/place/?q=place_id:ChIJl4PYtvTsDzkRuy6MTYKBJCY,part_384,2026-09-20 20:25:18,26929
Plastic Injection Molds ONYX Technologies,Plastic Molding Manufacturer,Manufacturer,"Manufacturer, Design engineer, Plastic Injection Molding Workshop, 3D printing service, Tool & die shop",824220,Bihar Circle,Patna HQ Region,AurangabadBihar Division,"Dobhi SO, Amarut BO, Babahandeo BO",N/A,N/A,4.5,15.0,"519, A/4, Plot No- 60, Damodar Park Industrial Area, Block R, Dilshad Garden, Delhi, 110095","Damodar Park Industrial Area, Block R, Dilshad Garden",28.677063399999998,77.3050469,ChIJbff9k5b7DDkRhMAnCHqTee4,https://www.google.com/maps/place/?q=place_id:ChIJbff9k5b7DDkRhMAnCHqTee4,part_384,2026-09-20 20:25:19,26930
Sharma Industries - The Plastic Solutions,Plastic Molding Manufacturer,Plastic Injection Molding Workshop,"Plastic Injection Molding Workshop, Plastic Products Supplier",824220,Bihar Circle,Patna HQ Region,AurangabadBihar Division,"Dobhi SO, Amarut BO, Babahandeo BO",+91 76783 49563,N/A,4.9,29.0,"Khasra no 1064, 16-c, Bhalswa Jahangir Village, Jahangirpuri, Delhi, 110033","Bhalswa Jahangir Village, Jahangirpuri",28.7331029,77.1642021,ChIJBzqM0E4BDTkR0Vsha9A6TfQ,https://www.google.com/maps/place/?q=place_id:ChIJBzqM0E4BDTkR0Vsha9A6TfQ,part_384,2026-09-20 20:25:19,26931
Plastic Moulding Machine dies(Techno Plast),Plastic Molding Manufacturer,Machining manufacturer,Machining manufacturer,824220,Bihar Circle,Patna HQ Region,AurangabadBihar Division,"Dobhi SO, Amarut BO, Babahandeo BO",+91 98726 72066,N/A,5.0,5.0,"F-450 Phase, 8B, Industrial Area, Sec-74, Sahibzada Ajit Singh Nagar, Punjab 140307","Industrial Area, Sec-74",30.7019493,76.6833987,ChIJGwZkntLvDzkRm7qUVzKrbIY,https://www.google.com/maps/place/?q=place_id:ChIJGwZkntLvDzkRm7qUVzKrbIY,part_384,2026-09-20 20:25:19,26932
ADITYA ENTERPRISES PLASTIC INJECTION MOLDING,Plastic Molding Manufacturer,Plastic Injection Molding Workshop,"Plastic Injection Molding Workshop, Supplier, Mold maker",824220,Bihar Circle,Patna HQ Region,AurangabadBihar Division,"Dobhi SO, Amarut BO, Babahandeo BO",+91 88001 54431,N/A,5.0,5.0,"537, anup vihar ,saboli, delhi, 110094, Delhi 110093","Anup Vihar, Saboli",28.7123928,77.3076387,ChIJ8TYk2WH9DDkR5XBTLl3zqrI,https://www.google.com/maps/place/?q=place_id:ChIJ8TYk2WH9DDkR5XBTLl3zqrI,part_384,2026-09-20 20:25:19,26933
Pawan Enterprise plastic moulds die work and vmc,Plastic Molding Manufacturer,Tool & die shop,Tool & die shop,824220,Bihar Circle,Patna HQ Region,AurangabadBihar Division,"Dobhi SO, Amarut BO, Babahandeo BO",+91 95039 25767,http://www.indiamart.com/company/83109694/,4.8,26.0,"Gala Industrial Complex, 11, K.K Gupta Rd, near jawahar talkies, Industial Estate, Mulund West, Mumbai, Maharashtra 400604","Industial Estate, Mulund West",19.1814847,72.95447659999999,ChIJ1-breiO55zsRi6lNNw4NTc0,https://www.google.com/maps/place/?q=place_id:ChIJ1-breiO55zsRi6lNNw4NTc0,part_384,2026-09-20 20:25:19,26934
Soami plastic industries,Plastic Molding Manufacturer,Plastic Injection Molding Workshop,"Plastic Injection Molding Workshop, Plastic Wholesaler",824220,Bihar Circle,Patna HQ Region,AurangabadBihar Division,"Dobhi SO, Amarut BO, Babahandeo BO",+91 99539 34020,N/A,5.0,3.0,"C 198 block near sharma dairy, Main Sani Bazar Rd, Chandan Vihar, Nihal Vihar, Vandana Vihar, New Delhi, Delhi 110041","Nihal Vihar, Vandana Vihar, Nangloi",28.6745307,77.07465859999999,ChIJZ6Qs4CQFDTkR5PaRAWrmTVc,https://www.google.com/maps/place/?q=place_id:ChIJZ6Qs4CQFDTkR5PaRAWrmTVc,part_384,2026-09-20 20:25:19,26935
India Plastic Machinery,Plastic Molding Manufacturer,Manufacturer,"Manufacturer, Plastic Injection Molding Workshop",824220,Bihar Circle,Patna HQ Region,AurangabadBihar Division,"Dobhi SO, Amarut BO, Babahandeo BO",+91 98913 67158,https://www.alphaindiaplasticmachinery.com/,4.5,14.0,"Kh. No. 154/5/1 Village Pooth Khurd, K.D Market Street, 9, Bawana Rd, Delhi, 110039",Pooth Khurd,28.7770036,77.0440857,ChIJc612GCCpDTkR1CXsuVlXmgo,https://www.google.com/maps/place/?q=place_id:ChIJc612GCCpDTkR1CXsuVlXmgo,part_384,2026-09-20 20:25:19,26936
Tirupati balaji plastic,Plastic Molding Manufacturer,Manufacturer,Manufacturer,824220,Bihar Circle,Patna HQ Region,AurangabadBihar Division,"Dobhi SO, Amarut BO, Babahandeo BO",+91 98185 18464,http://www.tirupatibalajiplastic.com/,4.9,98.0,"D-175, Mayapuri Industrial Area Phase II, Mayapuri, New Delhi, Delhi, 110064","Mayapuri Industrial Area Phase II, Mayapuri",28.615059499999997,77.1121338,ChIJl_wSGFIDDTkR4H447QummlA,https://www.google.com/maps/place/?q=place_id:ChIJl_wSGFIDDTkR4H447QummlA,part_384,2026-09-20 20:25:19,26937
DIPIKA FURNITURE SHOP,Plastic Molding Manufacturer,Plastic Injection Molding Workshop,Plastic Injection Molding Workshop,824231,Bihar Circle,Patna HQ Region,Gaya Division,"Bodhgaya SO, Amwan BO, Bankraur BO",N/A,N/A,,,"H4J2+MVR, Lakhaipur, Bihar 824232",824231,24.581747699999998,85.1021409,ChIJqdoun7Ux8zkRK9hwKOdumso,https://www.google.com/maps/place/?q=place_id:ChIJqdoun7Ux8zkRK9hwKOdumso,part_384,2026-09-20 20:26:37,30801
I Tech Moulds,Plastic Molding Manufacturer,Plastic Injection Molding Workshop,"Plastic Injection Molding Workshop, Mold maker, Plastic Products Supplier",824231,Bihar Circle,Patna HQ Region,Gaya Division,"Bodhgaya SO, Amwan BO, Bankraur BO",+91 94449 53284,http://itechmoulds.com/,4.9,58.0,"80/17, Ganapathy Nagar 1st St, Ekkatuthangal, Chennai, Tamil Nadu 600032",Ekkatuthangal,13.021843599999999,80.20240869999999,ChIJycORgF9nUjoRMWRGwHRgz3c,https://www.google.com/maps/place/?q=place_id:ChIJycORgF9nUjoRMWRGwHRgz3c,part_384,2026-09-20 20:26:38,30802
Puffin Plastic Industry,Plastic Molding Manufacturer,Plastic Injection Molding Workshop,"Plastic Injection Molding Workshop, Toy manufacturer",824231,Bihar Circle,Patna HQ Region,Gaya Division,"Bodhgaya SO, Amwan BO, Bankraur BO",N/A,N/A,4.9,18.0,"643/407, Ekta Nagar, Mohibullapur, Madiyanva, Lucknow, Uttar Pradesh 226021","Ekta Nagar, Mohibullapur, Madiyanva",26.9142832,80.9312765,ChIJKVPFe0VWmTkR8Yece5Di8Nw,https://www.google.com/maps/place/?q=place_id:ChIJKVPFe0VWmTkR8Yece5Di8Nw,part_384,2026-09-20 20:26:38,30803
National plastic moulding company,Plastic Molding Manufacturer,Manufacturer,Manufacturer,824231,Bihar Circle,Patna HQ Region,Gaya Division,"Bodhgaya SO, Amwan BO, Bankraur BO",N/A,N/A,,,"VFW9+846, Bijnor - Moradabad Rd, near kissan pump, Makanpur Syad Kasba, Amroha, Uttar Pradesh 244245",Makanpur Syad Kasba,28.8957862,78.4677572,ChIJIfvXWDIJCzkRw63_GfzpDI0,https://www.google.com/maps/place/?q=place_id:ChIJIfvXWDIJCzkRw63_GfzpDI0,part_384,2026-09-20 20:26:38,30804
Pragati Plast-Plastic Mould-Moulding Die-Die Injections Mould-Tea Filter Mould Manufacturers India,Plastic Molding Manufacturer,Molding supplier,Molding supplier,824231,Bihar Circle,Patna HQ Region,Gaya Division,"Bodhgaya SO, Amwan BO, Bankraur BO",+91 74050 53830,http://pragatiplastmoulds.com/,5.0,,"25, Sita Ram Industrial Hub, B/h Astha Complex Opp. Marutinandan, Odhav Rd, Odhav, Ahmedabad, Gujarat 382415","G I D C Industrial Area, Odhav",23.023442499999998,72.656926,ChIJPz7MPJCGXjkRhT88M6It_z0,https://www.google.com/maps/place/?q=place_id:ChIJPz7MPJCGXjkRhT88M6It_z0,part_384,2026-09-20 20:26:38,30805
Precision Dies & Moulds,Plastic Molding Manufacturer,Mold maker,"Mold maker, Millwork shop, Plastic Injection Molding Workshop, Plastic Products Supplier, Precision engineer",824231,Bihar Circle,Patna HQ Region,Gaya Division,"Bodhgaya SO, Amwan BO, Bankraur BO",+91 90902 82818,http://www.pdmhyd.com/,4.9,,"SHOP NO 1, Akshay Enclave, PLOT NO 57, Gautam Nagar, Balanagar, Hyderabad, Telangana 500042","Gautam Nagar, Balanagar",17.461277499999998,78.4555202,ChIJM3v4ooGRyzsRPN6R0zN4xpM,https://www.google.com/maps/place/?q=place_id:ChIJM3v4ooGRyzsRPN6R0zN4xpM,part_384,2026-09-20 20:26:39,30806
Elite Plastic Industries,Plastic Molding Manufacturer,Manufacturer,Manufacturer,824232,Bihar Circle,Patna HQ Region,Gaya Division,"Fatehpur SO Gaya, Akamba BO, Ambatari BO",+91 20 2712 0618,N/A,4.3,10.0,"S-65, S Block, MIDC, Bhosari, Pimpri-Chinchwad, Maharashtra 411026","S Block, MIDC, Bhosari",18.626732,73.841138,ChIJE3QPsni4wjsRRTs6aUQN4hQ,https://www.google.com/maps/place/?q=place_id:ChIJE3QPsni4wjsRRTs6aUQN4hQ,part_384,2026-09-20 20:27:19,33175
Vinayak Enterprises,Plastic Molding Manufacturer,Molding supplier,Molding supplier,824232,Bihar Circle,Patna HQ Region,Gaya Division,"Fatehpur SO Gaya, Akamba BO, Ambatari BO",N/A,N/A,,,"Piperpanti, Khairat Ahmad Rd, New Godwon, Gol Bagicha, Gaya, Bihar 823001","New Godwon, Gol Bagicha",24.8041421,85.0091334,ChIJG5Al-8sr8zkRJqVjclgZ1LU,https://www.google.com/maps/place/?q=place_id:ChIJG5Al-8sr8zkRJqVjclgZ1LU,part_384,2026-09-20 20:27:19,33176
Siddh Chemiplast Pvt Ltd,Plastic Molding Manufacturer,Plastic resin manufacturer,Plastic resin manufacturer,824232,Bihar Circle,Patna HQ Region,Gaya Division,"Fatehpur SO Gaya, Akamba BO, Ambatari BO",+91 93111 75474,https://www.scplast.com/,4.5,,"F-205,206 Industrial Area,khushkhera,Bhiwadi,Alwar,Rajasthan,301019, Khushkhera, Rajasthan 301707",824232,28.114918099999997,76.7837734,ChIJ-yTsRixKDTkR6p2GliQT4Lo,https://www.google.com/maps/place/?q=place_id:ChIJ-yTsRixKDTkR6p2GliQT4Lo,part_384,2026-09-20 20:27:21,33177
Laxmi Micro Industries,Plastic Molding Manufacturer,Plastic Injection Molding Workshop,Plastic Injection Molding Workshop,824233,Bihar Circle,Patna HQ Region,Gaya Division,"Khizersarai SO, Aima Chouki BO, Baraini BO",+91 78743 18373,https://www.laxmimicroindustries.com/,4.7,3.0,"25 Gajanand Industrial Estate, Nagarvel Hanuman Rd, nr. Gujarat Bottling, Rakhial, Ahmedabad, Gujarat 380023","Soni ni chali, Industrial Area, Rakhial",23.0129277,72.6319498,ChIJo0jf5KqHXjkRuT5EPR5TtNQ,https://www.google.com/maps/place/?q=place_id:ChIJo0jf5KqHXjkRuT5EPR5TtNQ,part_384,2026-09-20 20:27:59,34971
Laxmi Plastic,Plastic Molding Manufacturer,Plastic Injection Molding Workshop,"Plastic Injection Molding Workshop, Plastic Products Supplier",824233,Bihar Circle,Patna HQ Region,Gaya Division,"Khizersarai SO, Aima Chouki BO, Baraini BO",+91 99785 33162,https://laxmiplastic.in/,5.0,6.0,"2, Raman Ested, Gota, Ahmedabad, Gujarat 382481",Gota,23.0914967,72.5416219,ChIJwfAp6WaDXjkRCAaD0rVjX9M,https://www.google.com/maps/place/?q=place_id:ChIJwfAp6WaDXjkRCAaD0rVjX9M,part_384,2026-09-20 20:27:59,34972
ANURAG MOULDING PRIVATE LIMITED,Plastic Molding Manufacturer,Manufacturer,"Manufacturer, Plastic Products Supplier, Rubber products supplier",824233,Bihar Circle,Patna HQ Region,Gaya Division,"Khizersarai SO, Aima Chouki BO, Baraini BO",+91 80 3740 0844,http://anuragh.com/,4.6,5.0,"Plot No, 51, Sooriyaganthi St, behind Vivekananda school, Balaji Nagar, OT, Ambattur, Avadi, Tamil Nadu 600062","Balaji Nagar, OT, Ambattur",13.1257329,80.1399702,ChIJjdvM4ahjUjoR1G53HofQv-8,https://www.google.com/maps/place/?q=place_id:ChIJjdvM4ahjUjoR1G53HofQv-8,part_384,2026-09-20 20:27:59,34973
Rollex Industries,Plastic Molding Manufacturer,Plastic Injection Molding Workshop,Plastic Injection Molding Workshop,824233,Bihar Circle,Patna HQ Region,Gaya Division,"Khizersarai SO, Aima Chouki BO, Baraini BO",+91 89839 48442,http://www.rollexind.com/,5.0,2.0,"S No 8/7, Shanti Nagar, Bhosari, Landewadi, Bhosari, Maharashtra 411039","Vikas Colony, Landewadi, Bhosari",18.6222067,73.84493719999999,ChIJ____v3-4wjsRvtBbhhAHA8s,https://www.google.com/maps/place/?q=place_id:ChIJ____v3-4wjsRvtBbhhAHA8s,part_384,2026-09-20 20:27:59,34974
SSI MOULDS - Sunshine Industries (India),Plastic Molding Manufacturer,Plastic Injection Molding Workshop,Plastic Injection Molding Workshop,824233,Bihar Circle,Patna HQ Region,Gaya Division,"Khizersarai SO, Aima Chouki BO, Baraini BO",+91 11 2833 5410,http://www.ssimoulds.com/,2.1,7.0,"West Block, Vishnu Garden, WZ - 283/18, near Post Office, Block D, Khyala, Industrial Area, Delhi, 110018","Block D, Khyala, Industrial Area",28.656364,77.098174,ChIJYR49zYAEDTkRNU6ikxUsfzI,https://www.google.com/maps/place/?q=place_id:ChIJYR49zYAEDTkRNU6ikxUsfzI,part_384,2026-09-20 20:27:59,34975
Vidhata Plastics India Private Limited,Plastic Molding Manufacturer,Plastic Injection Molding Workshop,Plastic Injection Molding Workshop,824233,Bihar Circle,Patna HQ Region,Gaya Division,"Khizersarai SO, Aima Chouki BO, Baraini BO",+91 40 2726 6073,http://www.vidhata.co.in/,4.6,7.0,"P-205/2, opposite Ig Mint, Phase II, I D A, Cherlapally, Hyderabad, Secunderabad, Telangana 500051","Phase II, I D A, Cherlapally",17.47253,78.6009645,ChIJG4Lch82ZyzsRP0mkMZdXqHQ,https://www.google.com/maps/place/?q=place_id:ChIJG4Lch82ZyzsRP0mkMZdXqHQ,part_384,2026-09-20 20:28:00,34976
Samarth Plastics,Plastic Molding Manufacturer,Plastic Injection Molding Workshop,"Plastic Injection Molding Workshop, Plastic Products Supplier",824233,Bihar Circle,Patna HQ Region,Gaya Division,"Khizersarai SO, Aima Chouki BO, Baraini BO",+91 98223 76361,N/A,4.0,,"S. No. 14 Dhadage Industrial Estate, Mahatma Jyotiba Phule Marg, Sinhgad Rd, Nanded Fata, Pune, Maharashtra 411041","Fule Market, Nanded Fata, Pandurang Industrial Area, Nanded",18.456964199999998,73.7947935,ChIJYWXFp2XAwjsRoMJOmmkcJHU,https://www.google.com/maps/place/?q=place_id:ChIJYWXFp2XAwjsRoMJOmmkcJHU,part_384,2026-09-20 20:28:01,34977
Omni Plastics,Plastic Molding Manufacturer,Plastic Injection Molding Workshop,Plastic Injection Molding Workshop,824234,Bihar Circle,Patna HQ Region,Gaya Division,"Magadh University SO, Sahdeokhap BO, Zindapur BO",+91 90321 23457,N/A,3.0,2.0,"Branch, 7-37, Jeedimetla, Subhash Nagar, Jeedimetla, Hyderabad, Telangana 500055","Subhash Nagar, Jeedimetla",17.5129092,78.46041439999999,ChIJq6qq6hqQyzsRuucdL3gwv3U,https://www.google.com/maps/place/?q=place_id:ChIJq6qq6hqQyzsRuucdL3gwv3U,part_384,2026-09-20 20:28:41,36117
Technical workshp,Plastic Molding Manufacturer,Plastic Injection Molding Workshop,Plastic Injection Molding Workshop,824235,Bihar Circle,Patna HQ Region,Gaya Division,"Mow SO, Bargaon BO, Bohiya BO",N/A,N/A,,,"2P2R+FJR, Mahaddipur, Gaini, Bihar 804421",824235,25.001229499999997,84.74153,ChIJL0LIDekljTkR_3PR3JqoUGY,https://www.google.com/maps/place/?q=place_id:ChIJL0LIDekljTkR_3PR3JqoUGY,part_384,2026-09-20 20:29:18,37292
Shree Plastics,Plastic Molding Manufacturer,Plastic Injection Molding Workshop,Plastic Injection Molding Workshop,824235,Bihar Circle,Patna HQ Region,Gaya Division,"Mow SO, Bargaon BO, Bohiya BO",N/A,N/A,5.0,1.0,"Nadarganj Industrial Area Rd, Gindan Khera, Behtwa, Amausi, Lucknow, Uttar Pradesh 226008","Gindan Khera, Behtwa, Amausi",26.761062799999998,80.8698738,ChIJqZWyWtn5mzkRFZNBu2XTm5U,https://www.google.com/maps/place/?q=place_id:ChIJqZWyWtn5mzkRFZNBu2XTm5U,part_384,2026-09-20 20:29:19,37293
Kharecha Industries,Plastic Molding Manufacturer,Plastic Injection Molding Workshop,"Plastic Injection Molding Workshop, Mold maker",824236,Bihar Circle,Patna HQ Region,Gaya Division,"Tekari SO, Arkdhibariya BO, Bara BO",+91 94262 35358,http://www.kharechaindustries.com/,5.0,,"4, near Mavdi Plot, Navrangpura, Mavadi Industrial Area, Chandreshnagar, Rajkot, Gujarat 360004","Navrangpura, Mavadi Industrial Area, Chandreshnagar",22.2777942,70.7933984,ChIJBTwyXWvKWTkRSj1B6CBhkS8,https://www.google.com/maps/place/?q=place_id:ChIJBTwyXWvKWTkRSj1B6CBhkS8,part_384,2026-09-20 20:29:59,38585
JAI AMBE ENTERPRISES,Plastic Molding Manufacturer,Manufacturer,Manufacturer,824236,Bihar Circle,Patna HQ Region,Gaya Division,"Tekari SO, Arkdhibariya BO, Bara BO",+91 90110 56991,http://jaiambeentp.com/,5.0,,"Sr. No. - 95, 1/1, Indrayani Nagar Rd, behind ICI School, Indrayani Nagar, Landge Nagar, Sector No. 3, Bhosari, Pune, Pimpri-Chinchwad, Maharashtra 411039","Indrayani Nagar, Landge Nagar, Sector No. 3, Bhosari",18.6388891,73.84608949999999,ChIJo78yt3K4wjsRsw6VHxB6Dxg,https://www.google.com/maps/place/?q=place_id:ChIJo78yt3K4wjsRsw6VHxB6Dxg,part_384,2026-09-20 20:29:59,38586
SYNERGY PLAST,Plastic Molding Manufacturer,Manufacturer,"Manufacturer, Electronic parts supplier, Mold maker, Molding supplier, Plastic Injection Molding Workshop, Plastic Products Supplier, Tool & die shop, Tool manufacturer, Toolroom",824236,Bihar Circle,Patna HQ Region,Gaya Division,"Tekari SO, Arkdhibariya BO, Bara BO",+91 98946 46837,http://www.synergyplast.com/,5.0,,"Thotta salai street, Thaneerpandhal road, Mopperipalayam, Tamil Nadu 641659",824236,11.1285653,77.1561141,ChIJo2fu1kFYqDsR_d2APD7h7D0,https://www.google.com/maps/place/?q=place_id:ChIJo2fu1kFYqDsR_d2APD7h7D0,part_384,2026-09-20 20:29:59,38587
Teff Plast India Pvt Ltd,Plastic Molding Manufacturer,Manufacturer,Manufacturer,824236,Bihar Circle,Patna HQ Region,Gaya Division,"Tekari SO, Arkdhibariya BO, Bara BO",+91 75078 80106,http://teffplast.co.in/,3.3,,"Plot No 194 Sector 7, PCNTDA, MIDC, Bhosari, Pune, Maharashtra 411026","PCNTDA, MIDC, Bhosari",18.6416046,73.8400857,ChIJKTgikR25wjsRyJUklqGA5r4,https://www.google.com/maps/place/?q=place_id:ChIJKTgikR25wjsRyJUklqGA5r4,part_384,2026-09-20 20:29:59,38588
Manju plastic,Plastic Molding Manufacturer,Plastic Injection Molding Workshop,Plastic Injection Molding Workshop,824237,Bihar Circle,Patna HQ Region,Gaya Division,"Cherki SO, Baiju Bigha BO, Bishunpura BO",+91 98992 46601,http://www.manjuplastic.com/,,,"Block B, Dabua Colony, New Industrial Township, Faridabad, Haryana 121001","Block B, Dabua Colony, New Industrial Township",28.38414,77.274278,ChIJO6vzS5DeDDkRB54PXHgfnvg,https://www.google.com/maps/place/?q=place_id:ChIJO6vzS5DeDDkRB54PXHgfnvg,part_384,2026-09-20 20:30:39,39179
Futura Tech Plast,Plastic Molding Manufacturer,Plastic Injection Molding Workshop,Plastic Injection Molding Workshop,824301,Bihar Circle,Patna HQ Region,AurangabadBihar Division,"Nabinagar SO, Bara BO, Basdiha BO",+91 91976 64935,http://www.futuraplastic.com/,4.8,6.0,"W11, MIDC, Waluj, Waladgaon, Maharashtra 431136","MIDC, Waluj",19.8311937,75.24615469999999,ChIJHX50ylSa2zsRo_tsSlSBOqQ,https://www.google.com/maps/place/?q=place_id:ChIJHX50ylSa2zsRo_tsSlSBOqQ,part_384,2026-09-20 20:31:19,40393
MAHADEVI PLASTIC INDUSTRIES,Plastic Molding Manufacturer,Plastic Injection Molding Workshop,Plastic Injection Molding Workshop,824302,Bihar Circle,Patna HQ Region,AurangabadBihar Division,"Tandwa SO AurangabadBH, Barabanadih BO, Barkapandu BO",N/A,N/A,3.8,,"behind petrol pump, Sakalo, Chhattisgarh 497001",824302,23.1839187,83.1984998,ChIJtxvpqdihiTkR_zQ-wLv7hLY,https://www.google.com/maps/place/?q=place_id:ChIJtxvpqdihiTkR_zQ-wLv7hLY,part_384,2026-09-20 20:32:00,41098
Glamour Plastics,Plastic Molding Manufacturer,Manufacturer,"Manufacturer, Corporate office",824302,Bihar Circle,Patna HQ Region,AurangabadBihar Division,"Tandwa SO AurangabadBH, Barabanadih BO, Barkapandu BO",+91 97646 40909,http://www.glamourgroup.co.in/,4.5,,"Kamgar Chowk, D52/16, MIDC, Waluj, Chhatrapati Sambhajinagar, Pandharpur, Maharashtra 431136","MIDC, Waluj",19.830379,75.2414373,ChIJhwZGDTmb2zsRtTPUutrBjV0,https://www.google.com/maps/place/?q=place_id:ChIJhwZGDTmb2zsRtTPUutrBjV0,part_384,2026-09-20 20:32:01,41099
Sharma farnichar,Plastic Molding Manufacturer,Plastic Injection Molding Workshop,Plastic Injection Molding Workshop,824303,Bihar circle,Patna HQ Region,AurangabadBihar Division,"Ankora RS BO, Bairia BO, Barem BO",N/A,N/A,5.0,1.0,"R3X8+HQP, Sewahi, Bihar 821312",824303,24.8489677,84.0669545,ChIJ24cgCACzjTkR_gBy0W63Okk,https://www.google.com/maps/place/?q=place_id:ChIJ24cgCACzjTkR_gBy0W63Okk,part_384,2026-09-20 20:32:41,42044
Kruger Industries,Plastic Molding Manufacturer,Plastic Injection Molding Workshop,"Plastic Injection Molding Workshop, Plastic fabrication company, Plastic Products Supplier",824303,Bihar circle,Patna HQ Region,AurangabadBihar Division,"Ankora RS BO, Bairia BO, Barem BO",+91 81233 42780,https://www.kruger.industries/,4.4,,"2nd Phase, 42, E1 - E4, 2nd Main Rd, 2nd Phase, Peenya Ind Area, Bengaluru, Karnataka 560058","2nd Phase, Peenya Ind Area",13.0302236,77.5156153,ChIJLcgFXxk9rjsRF3RbY-mptNg,https://www.google.com/maps/place/?q=place_id:ChIJLcgFXxk9rjsRF3RbY-mptNg,part_384,2026-09-20 20:32:42,42045
Plastic injection moulding,Plastic Molding Manufacturer,Manufacturer,Manufacturer,825101,Jharkhand Circle,Ranchi Region,Hazaribagh Division,"Chittarpur SO, Barkipona BO, Chhatar BO",N/A,N/A,5.0,,"MG75+5WC, Ranchi Road, Ramgarh Cantonment, Jharkhand 829117",Ranchi Road,23.6629671,85.5098,ChIJ5fgoSADz9DkRw636MDhoKXA,https://www.google.com/maps/place/?q=place_id:ChIJ5fgoSADz9DkRw636MDhoKXA,part_384,2026-09-20 20:33:22,45023
Shree Lakshmi Plastic Center,Plastic Molding Manufacturer,Store,Store,825101,Jharkhand Circle,Ranchi Region,Hazaribagh Division,"Chittarpur SO, Barkipona BO, Chhatar BO",N/A,N/A,4.3,,"Shivaji Road, Ramgarh Cantonment, Jharkhand 829122",825101,23.626760899999997,85.5176857,ChIJlbT_k-zz9DkRiMfXuQfujHE,https://www.google.com/maps/place/?q=place_id:ChIJlbT_k-zz9DkRiMfXuQfujHE,part_384,2026-09-20 20:33:22,45024
Auro Plastic Injection Moulders Pvt Ltd,Plastic Molding Manufacturer,Plastic Injection Molding Workshop,Plastic Injection Molding Workshop,825101,Jharkhand Circle,Ranchi Region,Hazaribagh Division,"Chittarpur SO, Barkipona BO, Chhatar BO",+91 657 220 0011,http://www.auroplastic.com/,4.0,,"Phase 6, Plot No A9 & A10, Adityapur - Kandra Hwy, Industrial Area, Gamharia, Jamshedpur, Jharkhand 832109","Industrial Area, Gamharia",22.8022439,86.1219409,ChIJIT-8qg_l9TkRoKvZTcv6r4s,https://www.google.com/maps/place/?q=place_id:ChIJIT-8qg_l9TkRoKvZTcv6r4s,part_384,2026-09-20 20:33:23,45025
Shree Plastic Industries,Plastic Molding Manufacturer,Plastic Wholesaler,Plastic Wholesaler,825101,Jharkhand Circle,Ranchi Region,Hazaribagh Division,"Chittarpur SO, Barkipona BO, Chhatar BO",N/A,N/A,5.0,,"OFFICE NO 1, BASANT VIHAR, RAMJYOTI APARTMENT, Kanke Rd, RAJA BAGAN, Ranchi, Jharkhand 834008","RAJA BAGAN, Gandhi Nagar",23.414381499999998,85.31649139999999,ChIJZVmciNbm9DkRDHHllSL_J9I,https://www.google.com/maps/place/?q=place_id:ChIJZVmciNbm9DkRDHHllSL_J9I,part_384,2026-09-20 20:33:23,45026
Sona Plastics,Plastic Molding Manufacturer,Manufacturer,"Manufacturer, Plastic Products Supplier, Polythene and plastic sheeting supplier, Rubber products supplier",825101,Jharkhand Circle,Ranchi Region,Hazaribagh Division,"Chittarpur SO, Barkipona BO, Chhatar BO",+91 79036 70943,https://www.google.com/search?q=sona+plastics+jamshedpur+reviews&oq=sona&gs_lcrp=EgZjaHJvbWUqBggCECMYJzIGCAAQRRg5MgYIARAjGCcyBggCECMYJzINCAMQLhiDARixAxiABDIHCAQQABiABDIQCAUQLhivARjHARixAxiABDIGCAYQRRg9MgYIBxBFGD3SAQg0MTYxajBqNKgCALACAQ&sourceid=chrome&ie=UTF-8,4.9,134.0,"Q4RV+38F, C/o, near associated chemical industries Line Tola mansa mandir, Adityapur Industrial Area, Adityapur, Jamshedpur, Jharkhand 832109","Adityapur Industrial Area, Adityapur",22.7909185,86.1421258,ChIJi7pML7Dl9TkRXAYBLkbFf_o,https://www.google.com/maps/place/?q=place_id:ChIJi7pML7Dl9TkRXAYBLkbFf_o,part_384,2026-09-20 20:33:23,45027
RaniSati Polyplasts Private Limited,Plastic Molding Manufacturer,Manufacturer,Manufacturer,825101,Jharkhand Circle,Ranchi Region,Hazaribagh Division,"Chittarpur SO, Barkipona BO, Chhatar BO",+91 98351 54321,http://ranisatipolyplasts.com/,5.0,1.0,"opposite medanta hospital, Irba, Koilari, Jharkhand 835217",825101,23.4484306,85.4365906,ChIJwW-gYTr79DkRRqD5DdhsaGw,https://www.google.com/maps/place/?q=place_id:ChIJwW-gYTr79DkRRqD5DdhsaGw,part_384,2026-09-20 20:33:23,45028
Krishna Polymers and Metals (Plastic Household Items Manufacturer),Plastic Molding Manufacturer,Plastic Injection Molding Workshop,"Plastic Injection Molding Workshop, Plastic Products Supplier",825102,Jharkhand Circle,Ranchi Region,Giridih Division,"Dhori SO, Angwali BO, Palamu BO",+91 94311 28648,https://kpmplastics.com/,,,"Main Road, in front of Gurudwara, P O, Gumia, Jharkhand 829111",P O,23.806969,85.8237413,ChIJj_MLLO5v9DkRHcjuqAw7ja4,https://www.google.com/maps/place/?q=place_id:ChIJj_MLLO5v9DkRHcjuqAw7ja4,part_384,2026-09-20 20:34:04,49301
SKY LD plastic molding,Plastic Molding Manufacturer,Plastic Injection Molding Workshop,Plastic Injection Molding Workshop,825102,Jharkhand Circle,Ranchi Region,Giridih Division,"Dhori SO, Angwali BO, Palamu BO",+91 62026 26470,N/A,5.0,,"New mirudih, Nagar Dungri, Gamharia, Jamshedpur, Jharkhand 832108","Nagar Dungri, Gamharia",22.7923689,86.1184042,ChIJrcmRyjHl9TkRQ3hWD2q-4jU,https://www.google.com/maps/place/?q=place_id:ChIJrcmRyjHl9TkRQ3hWD2q-4jU,part_384,2026-09-20 20:34:05,49302
Rishta Polymer Industries Pvt.Ltd (Office Outlet),Plastic Molding Manufacturer,Plastic Products Supplier,Plastic Products Supplier,825102,Jharkhand Circle,Ranchi Region,Giridih Division,"Dhori SO, Angwali BO, Palamu BO",+91 87972 50700,https://rishtapolymer.in/,4.7,,"Road, Forest Colony Rd, near Rahul Marble Cemetery, New Forest Colony, Hazaribagh, Jharkhand 825301",New Forest Colony,23.982044,85.3691369,ChIJMUoz1Aic9DkRXwWxw7XjJvY,https://www.google.com/maps/place/?q=place_id:ChIJMUoz1Aic9DkRXwWxw7XjJvY,part_384,2026-09-20 20:34:05,49303
International Chemical Industries,Plastic Molding Manufacturer,Plastic fabrication company,"Plastic fabrication company, Plastic bag supplier, Plastic Wholesaler",825102,Jharkhand Circle,Ranchi Region,Giridih Division,"Dhori SO, Angwali BO, Palamu BO",+91 70332 91313,N/A,5.0,,"PHASE 1, PLOT NO.B-8, INDUSTRIAL AREA, Sindri, Jharkhand 828107",INDUSTRIAL AREA,23.646253299999998,86.5010727,ChIJT4oOi7mV9jkRlOFBofK1Mw0,https://www.google.com/maps/place/?q=place_id:ChIJT4oOi7mV9jkRlOFBofK1Mw0,part_384,2026-09-20 20:34:05,49304
Rohit Varieties,Plastic Molding Manufacturer,Plastic Wholesaler,Plastic Wholesaler,825102,Jharkhand Circle,Ranchi Region,Giridih Division,"Dhori SO, Angwali BO, Palamu BO",+91 91627 05664,N/A,5.0,,"near Laxmi Metal Store, Rajendra Nagar, Bokaro Steel City, Jharkhand 827013",Rajendra Nagar,23.6354629,86.1689509,ChIJXYxBkR8j9DkR8LFCeg_Xohg,https://www.google.com/maps/place/?q=place_id:ChIJXYxBkR8j9DkR8LFCeg_Xohg,part_384,2026-09-20 20:34:05,49305
Penwel Plastics Pvt. Ltd.,Plastic Molding Manufacturer,Plastic Injection Molding Workshop,Plastic Injection Molding Workshop,825102,Jharkhand Circle,Ranchi Region,Giridih Division,"Dhori SO, Angwali BO, Palamu BO",+91 92036 58777,N/A,4.3,,"19 big shade, Phase 3, Industrial Area, Adityapur., Adityapur, Jamshedpur, Jharkhand 832109","Krishnapur, Adityapur Industrial Area, Adityapur",22.7808799,86.13606,ChIJO3WCxtjk9TkR9WXB1ggmVfA,https://www.google.com/maps/place/?q=place_id:ChIJO3WCxtjk9TkR9WXB1ggmVfA,part_384,2026-09-20 20:34:05,49306
GC POLYPLAST INDUSTRIES,Plastic Molding Manufacturer,Plastic Injection Molding Workshop,Plastic Injection Molding Workshop,825102,Jharkhand Circle,Ranchi Region,Giridih Division,"Dhori SO, Angwali BO, Palamu BO",N/A,http://www.cubohouseware.com/,5.0,,"CCHH+P8Q Carlsburg, BIT Mesra Rd, Mesra, Jharkhand 835215",825102,23.429361399999998,85.4283833,ChIJe7DSWrXl9DkRor76I-RC1ns,https://www.google.com/maps/place/?q=place_id:ChIJe7DSWrXl9DkRor76I-RC1ns,part_384,2026-09-20 20:34:05,49307
Unique Spring & Plastic Works,Plastic Molding Manufacturer,Manufacturer,Manufacturer,825102,Jharkhand Circle,Ranchi Region,Giridih Division,"Dhori SO, Angwali BO, Palamu BO",+91 96939 47252,N/A,5.0,,"P6J7+5PC, Unnamed Road, Jamshedpur, Gitilata, Jamshedpur, Jharkhand 832107",Jamshedpur,22.7304383,86.2142776,ChIJZ5jRteL89TkR_MzPBQM3dgw,https://www.google.com/maps/place/?q=place_id:ChIJZ5jRteL89TkR_MzPBQM3dgw,part_384,2026-09-20 20:34:05,49308
Mangalam plastics factory and office,Plastic Molding Manufacturer,Corporate office,Corporate office,825102,Jharkhand Circle,Ranchi Region,Giridih Division,"Dhori SO, Angwali BO, Palamu BO",N/A,http://www.mangplast.com/,5.0,,"Khunti, road, Hardag, Jharkhand 835221",825102,23.2184411,85.30033829999999,ChIJEabiyIYf9TkR2YEO5Uygxwo,https://www.google.com/maps/place/?q=place_id:ChIJEabiyIYf9TkR2YEO5Uygxwo,part_384,2026-09-20 20:34:05,49309
Premolc Industries,Plastic Molding Manufacturer,Plastic Injection Molding Workshop,Plastic Injection Molding Workshop,825102,Jharkhand Circle,Ranchi Region,Giridih Division,"Dhori SO, Angwali BO, Palamu BO",+91 93710 06325,http://www.premolc.com/,5.0,,"Survey No 44/5, Narhe Industrial Area;, Off Sinhagad Road, Pune, Maharashtra 411041","Mokarwadi, Narhe",18.450309999999998,73.820504,ChIJTXMTuD2VwjsRTqiB3SpASnU,https://www.google.com/maps/place/?q=place_id:ChIJTXMTuD2VwjsRTqiB3SpASnU,part_384,2026-09-20 20:34:06,49310
Sanjay plastic centre and hardware ( Egg wholesale),Plastic Molding Manufacturer,Plastic Wholesaler,Plastic Wholesaler,825102,Jharkhand Circle,Ranchi Region,Giridih Division,"Dhori SO, Angwali BO, Palamu BO",+91 98357 82295,N/A,5.0,,"Tandwa road, Natraj Nagar, Barkagaon, Jharkhand 825311",Natraj Nagar,23.8548817,85.21342299999999,ChIJwxdV9Ei99DkRHdPwurS7Iio,https://www.google.com/maps/place/?q=place_id:ChIJwxdV9Ei99DkRHdPwurS7Iio,part_384,2026-09-20 20:34:06,49311
Royal Plastic Center,Plastic Molding Manufacturer,Home goods store,Home goods store,825102,Jharkhand Circle,Ranchi Region,Giridih Division,"Dhori SO, Angwali BO, Palamu BO",N/A,N/A,5.0,,"Bank, Over bridge, more, Phusro, Jharkhand 829144",825102,23.7656875,86.00043749999999,ChIJq5H1QQIV9DkR7Gi55yVyoII,https://www.google.com/maps/place/?q=place_id:ChIJq5H1QQIV9DkR7Gi55yVyoII,part_384,2026-09-20 20:34:06,49312
Akhtar ansari,Plastic Molding Manufacturer,Plastic Injection Molding Workshop,Plastic Injection Molding Workshop,825103,Jharkhand Circle,Ranchi Region,Hazaribagh Division,"Simaria SO, Bagra BO, Chopey BO",N/A,N/A,,,"3PFM+9QW, Unnamed Road, Jharkhand 825103",825103,24.0734936,84.7344518,ChIJ25x2QAOnjDkR8FnQMbEo_wU,https://www.google.com/maps/place/?q=place_id:ChIJ25x2QAOnjDkR8FnQMbEo_wU,part_384,2026-09-20 20:34:44,52921
Mittal Polypet,Plastic Molding Manufacturer,Plastic Injection Molding Workshop,Plastic Injection Molding Workshop,825103,Jharkhand Circle,Ranchi Region,Hazaribagh Division,"Simaria SO, Bagra BO, Chopey BO",N/A,N/A,4.7,,"RFXF+93V, Tumadaha, Jharkhand 826010",825103,23.8484826,86.4726799,ChIJMyhVYdS79jkReoySVFDPvZw,https://www.google.com/maps/place/?q=place_id:ChIJMyhVYdS79jkReoySVFDPvZw,part_384,2026-09-20 20:34:45,52922
"Trinetra Enterprises - Plastic Injection Mould Component Pune, Plastic Injection Mould in Pune, Blow Mould Manufacturer Pune",Plastic Molding Manufacturer,Plastic Injection Molding Workshop,Plastic Injection Molding Workshop,825103,Jharkhand Circle,Ranchi Region,Hazaribagh Division,"Simaria SO, Bagra BO, Chopey BO",+91 93710 86204,https://trinetraenterprises.in/,5.0,,"Gat No. 171, Plot no. 10/1, Bajrang Housing Society, Rupeenagar, Talwade, Pimpri-Chinchwad, Maharashtra 411062","Bajrang Housing Society, Rupeenagar, Talwade",18.6743573,73.7855751,ChIJ____z3O3wjsRBcQDUQWIlPY,https://www.google.com/maps/place/?q=place_id:ChIJ____z3O3wjsRBcQDUQWIlPY,part_384,2026-09-20 20:34:45,52923
Chetak Plastic Industries,Plastic Molding Manufacturer,Plastic bag supplier,"Plastic bag supplier, Plastic Bags Wholesaler",825103,Jharkhand Circle,Ranchi Region,Hazaribagh Division,"Simaria SO, Bagra BO, Chopey BO",N/A,N/A,4.0,,"Tatijharia, Ainta, Jharkhand 825313",825103,24.024938,85.615219,ChIJY6R7SyV-9DkRrnP_e-UmfJw,https://www.google.com/maps/place/?q=place_id:ChIJY6R7SyV-9DkRrnP_e-UmfJw,part_384,2026-09-20 20:34:45,52924
Anni quality plastic,Plastic Molding Manufacturer,Plastic Products Supplier,Plastic Products Supplier,825103,Jharkhand Circle,Ranchi Region,Hazaribagh Division,"Simaria SO, Bagra BO, Chopey BO",N/A,N/A,5.0,,"8228+PG8, Lohardaga Rd, Bero, Jharkhand 835202",825103,23.3017967,85.01631619999999,ChIJSThZVQAr9TkRWsDGLPoGfuI,https://www.google.com/maps/place/?q=place_id:ChIJSThZVQAr9TkRWsDGLPoGfuI,part_384,2026-09-20 20:34:45,52925
Aryan workshop,Plastic Molding Manufacturer,Plastic Injection Molding Workshop,Plastic Injection Molding Workshop,825106,Jharkhand Circle,Ranchi Region,Giridih Division,"Dumri SO, Beko BO, Bharkhar BO",N/A,N/A,,,"GandhoniyaBeko, Beko, Jharkhand 825322",825106,24.037109899999997,85.97548719999999,ChIJzaLrackL9DkREC4ij9Kdr1I,https://www.google.com/maps/place/?q=place_id:ChIJzaLrackL9DkREC4ij9Kdr1I,part_384,2026-09-20 20:35:31,55985
Plastic products manufacturer,Plastic Molding Manufacturer,Molding supplier,Molding supplier,825106,Jharkhand Circle,Ranchi Region,Giridih Division,"Dumri SO, Beko BO, Bharkhar BO",N/A,N/A,,,"J9PG+8VR, near Nainan Para, Nainan Para, Baranagar, West Bengal 700036","Nainan Para, Baranagar",22.635868199999997,88.3771453,ChIJH_70qyGd-DkR3mr9STaYuY8,https://www.google.com/maps/place/?q=place_id:ChIJH_70qyGd-DkR3mr9STaYuY8,part_384,2026-09-20 20:35:31,55986
Asian plastic moulders,Plastic Molding Manufacturer,Plastic Injection Molding Workshop,Plastic Injection Molding Workshop,825106,Jharkhand Circle,Ranchi Region,Giridih Division,"Dumri SO, Beko BO, Bharkhar BO",+91 81004 46454,N/A,,,"Plot No 700046 (landmark new basti, 47, Topsia Rd, Topsia, Kolkata, West Bengal 700046",Topsia,22.539348699999998,88.3827196,ChIJu81v4JV2AjoRO6149UfSmuM,https://www.google.com/maps/place/?q=place_id:ChIJu81v4JV2AjoRO6149UfSmuM,part_384,2026-09-20 20:35:31,55987
Vishwakarma wood art,Plastic Molding Manufacturer,Molding supplier,Molding supplier,825108,Jharkhand Circle,Ranchi Region,Giridih Division,"Pirtand SO, Atki BO, Bishunpur BO",+91 99311 24451,N/A,5.0,2.0,"Bus Stand, 6, Buxidih Rd, near Giridih, Jharkhand 815301",Buxidih,24.1862566,86.3027208,ChIJZ5_aNClV8TkRpJHsRdaIeG0,https://www.google.com/maps/place/?q=place_id:ChIJZ5_aNClV8TkRpJHsRdaIeG0,part_384,2026-09-20 20:36:12,58786
Sitaram Polyplast Pvt. Ltd.,Plastic Molding Manufacturer,Pipe Manufacturer,Pipe Manufacturer,825108,Jharkhand Circle,Ranchi Region,Giridih Division,"Pirtand SO, Atki BO, Bishunpur BO",+91 99399 25743,http://www.sitaramgroup.co.in/,4.2,,"Giridih Bengabad, Road, Giridih, Jharkhand 815302",Pandardih,24.2069811,86.31172,ChIJW_dKephV8TkRBoaDPg3bg7Y,https://www.google.com/maps/place/?q=place_id:ChIJW_dKephV8TkRBoaDPg3bg7Y,part_384,2026-09-20 20:36:12,58787
Kedia Plasticon Pvt Ltd,Plastic Molding Manufacturer,Manufacturer,Manufacturer,825109,Jharkhand Circle,Ranchi Region,Hazaribagh Division,"Sewatand BO, Jainagar SO Koderma, Chalkusa BO",N/A,N/A,3.5,,"Doiadih, Jharkhand 825409",825109,24.4270653,85.49118729999999,ChIJd6HhM95z8zkRl2JaJdxAZCc,https://www.google.com/maps/place/?q=place_id:ChIJd6HhM95z8zkRl2JaJdxAZCc,part_384,2026-09-20 20:36:54,61525
Mittal Polypacks Pvt. Ltd. Factory,Plastic Molding Manufacturer,Plastic bag supplier,Plastic bag supplier,825109,Jharkhand Circle,Ranchi Region,Hazaribagh Division,"Sewatand BO, Jainagar SO Koderma, Chalkusa BO",N/A,N/A,4.6,,"RFWF+P3F, industrial area, bhitiya, Kandra, Tumadaha, Jharkhand 826010","industrial area, bhitiya",23.8468068,86.47268009999999,ChIJnef8l_q79jkR20q_Tk72Vy4,https://www.google.com/maps/place/?q=place_id:ChIJnef8l_q79jkR20q_Tk72Vy4,part_384,2026-09-20 20:36:54,61526
Sanjeet Steel & Plastics,Plastic Molding Manufacturer,Store,Store,825109,Jharkhand Circle,Ranchi Region,Hazaribagh Division,"Sewatand BO, Jainagar SO Koderma, Chalkusa BO",+91 79031 97867,N/A,,,"Ranchi - Patna Rd, near Rameshwaram Hotel, Koderma, Jhumri Telaiya, Jharkhand 825409",825109,24.4434152,85.5317093,ChIJJ1_D96l18zkRvbK8Ordg9g8,https://www.google.com/maps/place/?q=place_id:ChIJJ1_D96l18zkRvbK8Ordg9g8,part_384,2026-09-20 20:36:54,61527
Varsana Industries Pvt Ltd,Plastic Molding Manufacturer,Marketing consultant,"Marketing consultant, Manufacturer, Mold maker, Plastic Injection Molding Workshop, Plastic Products Supplier",825109,Jharkhand Circle,Ranchi Region,Hazaribagh Division,"Sewatand BO, Jainagar SO Koderma, Chalkusa BO",+91 99971 11595,http://www.varsana.in/,5.0,13.0,"D6 Dev Bhoomi Industrial Estate Puhana Iqbalpur Road Bantakheri Roorkee Haridwar Uttarakhand 247667, Uttarakhand 247668",825109,29.8818976,77.8174013,ChIJNVfOVlS3DjkRBAHqIDA3_1o,https://www.google.com/maps/place/?q=place_id:ChIJNVfOVlS3DjkRBAHqIDA3_1o,part_384,2026-09-20 20:36:55,61528
Narmada RotoPlast,Plastic Molding Manufacturer,Manufacturer,Manufacturer,825109,Jharkhand Circle,Ranchi Region,Hazaribagh Division,"Sewatand BO, Jainagar SO Koderma, Chalkusa BO",N/A,N/A,4.6,7.0,"MGRG+75H, Bongabar, Jharkhand 829117",825109,23.6906763,85.5254783,ChIJQb5ZgP719DkRmRa3Qpwfa_k,https://www.google.com/maps/place/?q=place_id:ChIJQb5ZgP719DkRmRa3Qpwfa_k,part_384,2026-09-20 20:36:55,61529
Krishna Polymers & Metals (Unit 1),Plastic Molding Manufacturer,Plastic Injection Molding Workshop,Plastic Injection Molding Workshop,825109,Jharkhand Circle,Ranchi Region,Hazaribagh Division,"Sewatand BO, Jainagar SO Koderma, Chalkusa BO",N/A,N/A,,,"RR4F+7RM, Gumia, Jharkhand 829111",825109,23.805716699999998,85.8245553,ChIJ34Rzo8tu9DkR8nh9gCHWhY8,https://www.google.com/maps/place/?q=place_id:ChIJ34Rzo8tu9DkR8nh9gCHWhY8,part_384,2026-09-20 20:36:55,61530
OPM India Private Limited,Plastic Molding Manufacturer,Manufacturer,Manufacturer,825167,Jharkhand Circle,Ranchi Region,Giridih Division,"Isri Bazar SO, Barmasia BO, Galagi BO",+91 99002 99893,https://www.opm-india.com/,5.0,,"Hinjawadi Phase 1 Rd, Phase 1, Rajiv Gandhi Infotech Park, Hinjawadi, Maharashtra 411057","Phase 1, Rajiv Gandhi Infotech Park",18.5938707,73.7294649,ChIJAcr8qkz57KERvEj-vRJWJHM,https://www.google.com/maps/place/?q=place_id:ChIJAcr8qkz57KERvEj-vRJWJHM,part_384,2026-09-20 20:38:16,64018
Plastomach India Inc,Plastic Molding Manufacturer,Industrial equipment supplier,"Industrial equipment supplier, Wholesaler",825167,Jharkhand Circle,Ranchi Region,Giridih Division,"Isri Bazar SO, Barmasia BO, Galagi BO",+91 80 4730 1215,http://plastomachindia.in/,5.0,,"No. 31, Mogra Village, Mogra Pada, T. P. Industrial Estate, Andheri East, Mumbai, Maharashtra 400069","Mogra Village, Mogra Pada, T. P. Industrial Estate, Andheri East",19.1262523,72.85039789999999,ChIJVVWA2dTJ5zsRCGEJBRuM8NI,https://www.google.com/maps/place/?q=place_id:ChIJVVWA2dTJ5zsRCGEJBRuM8NI,part_384,2026-09-20 20:38:16,64019
Rishta Polymer Industries Pvt.Ltd,Plastic Molding Manufacturer,Plastic Products Supplier,Plastic Products Supplier,825301,Jharkhand Circle,Ranchi Region,Hazaribagh Division,"Hazaribagh HO, Bara Bazar SO Hazaribag, Boddam Bazar SO",N/A,http://www.rishtapolymer.in/,4.5,,"Morangi, NH-33, Hazaribagh, Jharkhand 825302",825301,23.9005094,85.4036792,ChIJo08-MCqb9DkRlYmMmfB5aSs,https://www.google.com/maps/place/?q=place_id:ChIJo08-MCqb9DkRlYmMmfB5aSs,part_384,2026-09-20 20:38:58,66736
Sudi Plastic Pvt.Ltd.,Plastic Molding Manufacturer,Plastic Molding Manufacturer,Plastic Molding Manufacturer,825301,Jharkhand Circle,Ranchi Region,Hazaribagh Division,"Hazaribagh HO, Bara Bazar SO Hazaribag, Boddam Bazar SO",N/A,N/A,5.0,,"Matwari, Hazaribagh, Jharkhand 825301",Matwari,23.9906524,85.36303579999999,ChIJdwiAKwWc9DkRcoStDD5z6ZU,https://www.google.com/maps/place/?q=place_id:ChIJdwiAKwWc9DkRcoStDD5z6ZU,part_384,2026-09-20 20:38:58,66737
CP POLYMER,Plastic Molding Manufacturer,Manufacturer,Manufacturer,825301,Jharkhand Circle,Ranchi Region,Hazaribagh Division,"Hazaribagh HO, Bara Bazar SO Hazaribag, Boddam Bazar SO",N/A,https://www.cppolymer.in/,5.0,15.0,"Ashirvad Gold, Narshingh Nagar Society, Gali No. 6, Shankarpur, Hazaribagh, Jharkhand 825302",Shankarpur,23.960520199999998,85.3572023,ChIJ49uoQdib9DkRs-lnQVz1YbE,https://www.google.com/maps/place/?q=place_id:ChIJ49uoQdib9DkRs-lnQVz1YbE,part_384,2026-09-20 20:38:59,66738
Plastic Ghar,Plastic Molding Manufacturer,Plastic Products Supplier,"Plastic Products Supplier, Store",825301,Jharkhand Circle,Ranchi Region,Hazaribagh Division,"Hazaribagh HO, Bara Bazar SO Hazaribag, Boddam Bazar SO",+91 91557 39916,N/A,5.0,,"Bada Akhada, Malviya Marg, New Area, Hazaribagh, Jharkhand 825301",New Area,23.9953112,85.3499373,ChIJm-At5TKf9DkRjbehjzJhiNY,https://www.google.com/maps/place/?q=place_id:ChIJm-At5TKf9DkRjbehjzJhiNY,part_384,2026-09-20 20:39:00,66739
SUN TOWARD TECH INDIA PRIVATE LIMITED,Plastic Molding Manufacturer,Plastic Injection Molding Workshop,Plastic Injection Molding Workshop,825311,Jharkhand Circle,Ranchi Region,Hazaribagh Division,"Barkagaon SO, Ambajit BO, Badam BO",N/A,N/A,5.0,,"G874+WF, Sutiambe, Jharkhand 834006",825311,23.5147153,85.3073221,ChIJJee9XQDp9DkRi-cA8itzE7I,https://www.google.com/maps/place/?q=place_id:ChIJJee9XQDp9DkRi-cA8itzE7I,part_384,2026-09-20 20:41:01,69391
Sanjay plastic,Plastic Molding Manufacturer,Plastic Wholesaler,Plastic Wholesaler,825311,Jharkhand Circle,Ranchi Region,Hazaribagh Division,"Barkagaon SO, Ambajit BO, Badam BO",+91 87896 59092,N/A,4.2,,"Pachu babu tal beside kolkata bazar and laskmii cinema hall, Hazaribagh, Jharkhand 825301","Suleman Colony, Chisti Nagar",23.989169099999998,85.35393429999999,ChIJu7tfF8uf9DkRscMaeteOY68,https://www.google.com/maps/place/?q=place_id:ChIJu7tfF8uf9DkRscMaeteOY68,part_384,2026-09-20 20:41:02,69392
Rama Packaging Industry (Paint Buckets Manufacturer),Plastic Molding Manufacturer,Plastic Injection Molding Workshop,"Plastic Injection Molding Workshop, Plastic Products Supplier",825312,Jharkhand Circle,Ranchi Region,Hazaribagh Division,"Bishungarh SO Hazaribag, Banaso BO, Bhelwara BO",+91 99397 13713,https://ramapackaging.net/,5.0,,"Indian Explosives, Industrial Chemicals P O, C/O, Gumia, Jharkhand 829112",825312,23.815813799999997,85.8314408,ChIJnat2lRlv9DkRCvpCAB6qR8I,https://www.google.com/maps/place/?q=place_id:ChIJnat2lRlv9DkRCvpCAB6qR8I,part_384,2026-09-20 20:41:38,70785
Auto car care,Plastic Molding Manufacturer,Plastic Injection Molding Workshop,Plastic Injection Molding Workshop,825312,Jharkhand Circle,Ranchi Region,Hazaribagh Division,"Bishungarh SO Hazaribag, Banaso BO, Bhelwara BO",N/A,N/A,5.0,,"5J7M+4JM, NH 19, Jharkhand 825323",825312,24.1628354,85.6340347,ChIJgQPKQjWB8zkRV7OAWxc29EQ,https://www.google.com/maps/place/?q=place_id:ChIJgQPKQjWB8zkRV7OAWxc29EQ,part_384,2026-09-20 20:41:39,70786
chetak plastic industries,Plastic Molding Manufacturer,Corporate office,Corporate office,825313,Jharkhand Circle,Ranchi Region,Hazaribagh Division,"Daroo SO, Banahappa BO, Bedam BO",N/A,N/A,5.0,,"Hatwe, Jharkhand 825313",825313,24.0174161,85.6050961,ChIJO03H6Lh_9DkRsyZ6n31Wn20,https://www.google.com/maps/place/?q=place_id:ChIJO03H6Lh_9DkRsyZ6n31Wn20,part_384,2026-09-20 20:42:18,71576
LOKASHAA POLYSACKS,Plastic Molding Manufacturer,Plastic fabrication company,Plastic fabrication company,825316,Jharkhand Circle,Ranchi Region,Hazaribagh Division,"Hesagarha BO, Mandu BO, Kuju SO",+91 79790 70438,N/A,5.0,,"PLOT NO - I/B-8 SINDRI INDUSTRIAL AREA, Domgarh, Jharkhand 828107",825316,23.6466021,86.50116179999999,ChIJYQabDWWV9jkRLrPSjBEX6Ug,https://www.google.com/maps/place/?q=place_id:ChIJYQabDWWV9jkRLrPSjBEX6Ug,part_384,2026-09-20 20:44:10,74616
BEAUTY PLASTIC,Plastic Molding Manufacturer,Manufacturer,Manufacturer,825316,Jharkhand Circle,Ranchi Region,Hazaribagh Division,"Hesagarha BO, Mandu BO, Kuju SO",N/A,N/A,4.3,,"BP COMPOUND, Hutup, Jharkhand 835217",825316,23.4480464,85.4394011,ChIJs7Vx33L79DkRJZs69Zp5OIQ,https://www.google.com/maps/place/?q=place_id:ChIJs7Vx33L79DkRJZs69Zp5OIQ,part_384,2026-09-20 20:44:10,74617
MUKESH PLASTIC,Plastic Molding Manufacturer,Store equipment supplier,Store equipment supplier,825318,Jharkhand Circle,Ranchi Region,Hazaribagh Division,"Markacho SO, Chopnadih BO, Dasarokhurd BO",+91 77798 32533,N/A,5.0,1.0,"Sabji market, Near shree Krishna inn thana chowk, Purana, bajar tada, near police station, Latehar, Jharkhand 829206",Sasang,23.742812,84.50772239999999,ChIJR6Q-zLFtizkRF8tBVI0EGmI,https://www.google.com/maps/place/?q=place_id:ChIJR6Q-zLFtizkRF8tBVI0EGmI,part_384,2026-09-20 20:45:25,76024
Jharkhand plastics,Plastic Molding Manufacturer,Warehouse,Warehouse,825318,Jharkhand Circle,Ranchi Region,Hazaribagh Division,"Markacho SO, Chopnadih BO, Dasarokhurd BO",N/A,N/A,,,"9FJ4+38P, Namkom, Jharkhand 835103",825318,23.3802123,85.45583669999999,ChIJaQmfIAD99DkRzaFBeqH-iLw,https://www.google.com/maps/place/?q=place_id:ChIJaQmfIAD99DkRzaFBeqH-iLw,part_384,2026-09-20 20:45:26,76025
Laxmi plastic works,Plastic Molding Manufacturer,Manufacturer,Manufacturer,825325,Jharkhand Circle,Ranchi Region,Hazaribagh Division,"Kedlanagar BO, Laiyo BO, Rahawan BO",N/A,N/A,,,"D-24, phase 1Industrial Area, Gamharia, Jamshedpur, Jharkhand 832109","phase 1Industrial Area, Gamharia",22.7852033,86.1327333,ChIJPSV6WQDl9TkRIN1e1zd3c-0,https://www.google.com/maps/place/?q=place_id:ChIJPSV6WQDl9TkRIN1e1zd3c-0,part_384,2026-09-20 20:49:47,82333
Jain Plastics,Plastic Molding Manufacturer,Plastic Wholesaler,"Plastic Wholesaler, Bag shop, Household goods wholesaler",825325,Jharkhand Circle,Ranchi Region,Hazaribagh Division,"Kedlanagar BO, Laiyo BO, Rahawan BO",+91 91626 70592,https://business.google.com/site/l/03310563026125769567,4.6,,"Adarsh Market, J. J. Road,, Upper Bazar, Ranchi, Jharkhand 834001",Upper Bazar,23.371373,85.32018169999999,ChIJn_LnxwTh9DkR1mzd0p6UJWo,https://www.google.com/maps/place/?q=place_id:ChIJn_LnxwTh9DkR1mzd0p6UJWo,part_384,2026-09-20 20:49:48,82334
Mangalam Plastics City office,Plastic Molding Manufacturer,Corporate office,Corporate office,825325,Jharkhand Circle,Ranchi Region,Hazaribagh Division,"Kedlanagar BO, Laiyo BO, Rahawan BO",N/A,http://www.mangplast.com/,4.9,,"3/50, Birsa Nagar, P.O, 3/50, Hatia, Birsa Nagar, P.O, Ranchi, Jharkhand 834003","Birsa Nagar, P.O, Gitilpiri",23.320877799999998,85.3089323,ChIJ8-5NLizg9DkRT485sUxxE3s,https://www.google.com/maps/place/?q=place_id:ChIJ8-5NLizg9DkRT485sUxxE3s,part_384,2026-09-20 20:49:48,82335
POLYTECH MOULDS,Plastic Molding Manufacturer,Mold maker,Mold maker,825326,Jharkhand Circle,Ranchi Region,Hazaribagh Division,Tapin SO,+91 98208 11720,http://www.polytechmoulds.com/,4.4,,"Gala No. 1, 2, 3, 4, Jinal Industrial Estate, Vasai Phata Vill - Pelhar, Dist, Vasai East, Vasai-Virar, Maharashtra 401208","Golani Naka, Vasai East",19.4269395,72.8716877,ChIJjXoizdWo5zsRj2rSmQyPGkI,https://www.google.com/maps/place/?q=place_id:ChIJjXoizdWo5zsRj2rSmQyPGkI,part_384,2026-09-20 20:50:23,83054
Sark Industries,Plastic Molding Manufacturer,Plastic Injection Molding Workshop,"Plastic Injection Molding Workshop, Mold maker, Tool manufacturer",825326,Jharkhand Circle,Ranchi Region,Hazaribagh Division,Tapin SO,+91 89682 65400,http://www.sark.in/,3.7,,"181, Industrial Area Phase I, Chandigarh, 160002",Industrial Area Phase I,30.7047079,76.7945617,ChIJcxsAhO7sDzkRp8sAb1Es6Ls,https://www.google.com/maps/place/?q=place_id:ChIJcxsAhO7sDzkRp8sAb1Es6Ls,part_384,2026-09-20 20:50:23,83055
Shaily Engineering Plastics Ltd.,Plastic Molding Manufacturer,Manufacturer,Manufacturer,825326,Jharkhand Circle,Ranchi Region,Hazaribagh Division,Tapin SO,+91 2667 244 307,http://www.shaily.com/,4.1,66.0,"Survey No. 364 & 366, Rania, Ta, Savli, Gujarat 391780",825326,22.4901737,73.1229944,ChIJzQGg5y81XjkR6lOdqg2lMNE,https://www.google.com/maps/place/?q=place_id:ChIJzQGg5y81XjkR6lOdqg2lMNE,part_384,2026-09-20 20:50:24,83056
TruMould,Plastic Molding Manufacturer,Plastic Injection Molding Workshop,"Plastic Injection Molding Workshop, Industrial equipment supplier, Manufacturer, Mold maker, Molding supplier",825326,Jharkhand Circle,Ranchi Region,Hazaribagh Division,Tapin SO,+91 99996 00689,https://trumould.com/?utm_source=gbp&utm_medium=website_click&utm_campaign=Google+Business+Profile,4.6,10.0,"Plot No.67, GT Karnal Rd, Block A, Rajasthan Udyog Nagar, Jahangirpuri, Delhi, 110033","Block A, Rajasthan Udyog Nagar, Jahangirpuri",28.724665299999998,77.16270279999999,ChIJCchTgqIBDTkRTrQ6lmuV_LA,https://www.google.com/maps/place/?q=place_id:ChIJCchTgqIBDTkRTrQ6lmuV_LA,part_384,2026-09-20 20:50:24,83057
Ever Bright Plastic Private Limited,Plastic Molding Manufacturer,Manufacturer,Manufacturer,825326,Jharkhand Circle,Ranchi Region,Hazaribagh Division,Tapin SO,+91 98830 11331,https://everbrightplastics.in/about-us/,4.0,9.0,"Poly Park, Dhulagori, Howrah, West Bengal 711331","Poly Park, Dhulagori",22.566961,88.17475759999999,ChIJAUEySoZ_AjoRAwALP8PDIRU,https://www.google.com/maps/place/?q=place_id:ChIJAUEySoZ_AjoRAwALP8PDIRU,part_384,2026-09-20 20:50:25,83058
Arihant Dies & Moulds Pvt. Ltd.,Plastic Molding Manufacturer,Plastic Injection Molding Workshop,Plastic Injection Molding Workshop,825329,Jharkhand Circle,Ranchi Region,Giridih Division,Shikherjee SO,+91 70425 12200,https://arihantdiesmould.com/,4.8,,"INDL AREA, E-184, Sector 17, Kavi Nagar, Ghaziabad, Uttar Pradesh 201002","Sector 17A, Kavi Nagar Industrial Area, Sector 17, Kavi Nagar",28.6606311,77.456356,ChIJVX9-uqTxDDkREeOUEYjvHus,https://www.google.com/maps/place/?q=place_id:ChIJVX9-uqTxDDkREeOUEYjvHus,part_384,2026-09-20 20:51:02,85184
SK Plastics,Plastic Molding Manufacturer,Plastic Injection Molding Workshop,Plastic Injection Molding Workshop,825329,Jharkhand Circle,Ranchi Region,Giridih Division,Shikherjee SO,+91 90925 79063,N/A,5.0,,"unit-1, SIDCO Industrial Estate, S.F, No. 16/2A1 ashok leyland, E-16, near 3D tech Backside, Phase 1, Sipcot Ph. I, Hosur, Tamil Nadu 635126","Phase 1, Sipcot Ph. I",12.760831699999999,77.7899765,ChIJe931tEhxrjsRa5Ainyb21S0,https://www.google.com/maps/place/?q=place_id:ChIJe931tEhxrjsRa5Ainyb21S0,part_384,2026-09-20 20:51:03,85185
PRETECH PLAST PVT. LTD.,Plastic Molding Manufacturer,Plastic Injection Molding Workshop,"Plastic Injection Molding Workshop, Tool & die shop, Toolroom",825329,Jharkhand Circle,Ranchi Region,Giridih Division,Shikherjee SO,+91 83106 78194,http://pretechplast.com/,4.3,31.0,"114, Bommasandra Jigani Link Rd, Bande Nalla Sandra, KIADB Industrial Area, Bommasandra Industrial Area, Bengaluru, Jigani, Karnataka 560105","Bande Nalla Sandra, KIADB Industrial Area, Bommasandra Industrial Area",12.7910758,77.6549106,ChIJDZDIRgBsrjsRjCC5fWX9iGs,https://www.google.com/maps/place/?q=place_id:ChIJDZDIRgBsrjsRjCC5fWX9iGs,part_384,2026-09-20 20:51:04,85186
Nishant Mouldings Private Limited,Plastic Molding Manufacturer,Manufacturer,Manufacturer,825329,Jharkhand Circle,Ranchi Region,Giridih Division,Shikherjee SO,+91 90085 60909,http://www.fortunapet.com/,3.8,137.0,"Srigandakaval, vishwaneedam post, 2, Eralinganna Indl. Estate, Sunkadakatte, Bengaluru, Karnataka 560091","Venkateswara Nagar, Sunkadakatte",12.9946697,77.5012185,ChIJVVVVVUY8rjsRg5G738JIlG8,https://www.google.com/maps/place/?q=place_id:ChIJVVVVVUY8rjsRg5G738JIlG8,part_384,2026-09-20 20:51:04,85187
Tan Tech Moulds India Pvt Ltd,Plastic Molding Manufacturer,Plastic Injection Molding Workshop,"Plastic Injection Molding Workshop, Mold maker",825329,Jharkhand Circle,Ranchi Region,Giridih Division,Shikherjee SO,+91 95001 43969,https://tantechmoulds.com/,4.4,20.0,"SIDCO INDUTRIAL ESTSTE, PLOT NO95, PHASE II, Thirumudivakkam, Chennai, Tamil Nadu 600044",PHASE II,12.96614,80.09777439999999,ChIJZx33enxfUjoRBHzv6syFANw,https://www.google.com/maps/place/?q=place_id:ChIJZx33enxfUjoRBHzv6syFANw,part_384,2026-09-20 20:51:04,85188
Toolings Ocean,Plastic Molding Manufacturer,Plastic Injection Molding Workshop,"Plastic Injection Molding Workshop, Mold maker, Plastic fabrication company, Tool manufacturer",825329,Jharkhand Circle,Ranchi Region,Giridih Division,Shikherjee SO,+91 63637 65334,N/A,4.9,7.0,"19, 15th Cross Rd, behind Konena Garment, Srigandha Nagar, Hegganahalli, Bengaluru, Karnataka 560091","Srigandha Nagar, Hegganahalli",13.0013346,77.5118497,ChIJGbkAGCI9rjsRbq7jMzEKjPQ,https://www.google.com/maps/place/?q=place_id:ChIJGbkAGCI9rjsRbq7jMzEKjPQ,part_384,2026-09-20 20:51:04,85189
MK INDUSTRIALS & CO® - ENGINEERING PLASTICS,Plastic Molding Manufacturer,Plastic fabrication company,"Plastic fabrication company, Acrylic Dealer, Fiberglass supplier, Industrial equipment supplier, Plastic Products Supplier, Plastic Wholesaler, Polymer Supplier",825329,Jharkhand Circle,Ranchi Region,Giridih Division,Shikherjee SO,+91 86607 86269,http://www.mkindustrialandco.com/,4.5,48.0,"12/1, Gurkar Ramanayak Ln, S.P Road Cross, Kumbarpet, Dodpete, Nagarathpete, Bengaluru, Karnataka 560002","S.P Road Cross, Kumbarpet, Dodpete, Nagarathpete",12.9654469,77.5812442,ChIJJ342034VrjsR22aPWhTzKAY,https://www.google.com/maps/place/?q=place_id:ChIJJ342034VrjsR22aPWhTzKAY,part_384,2026-09-20 20:51:04,85190
Kovai Plastics,Plastic Molding Manufacturer,Plastic Products Supplier,"Plastic Products Supplier, Corporate gift supplier, Industrial consultant, Industrial equipment supplier, Material handling equipment supplier, Pallet supplier, Plastic Wholesaler",825329,Jharkhand Circle,Ranchi Region,Giridih Division,Shikherjee SO,+91 98945 99770,http://www.kovaiplastics.com/,4.3,102.0,"925, Raja St, near chanran steels anitha steels, Near Five Corner, Town Hall, Coimbatore, Tamil Nadu 641001","Near Five Corner, Town Hall",10.9950955,76.9611035,ChIJ3UsAUQpZqDsRwom2V_MFX3E,https://www.google.com/maps/place/?q=place_id:ChIJ3UsAUQpZqDsRwom2V_MFX3E,part_384,2026-09-20 20:51:04,85191
Microtech Engineers,Plastic Molding Manufacturer,Plastic Injection Molding Workshop,"Plastic Injection Molding Workshop, Manufacturer, Mold maker",825329,Jharkhand Circle,Ranchi Region,Giridih Division,Shikherjee SO,+91 44 2478 1847,http://www.microtech5.com/,4.2,17.0,"Plot No. 234 & 235, SIDCO Industrial Estate, Thirumudivakkam, Tamil Nadu 600132",825329,12.971235,80.085217,ChIJ85t-NFr1UjoRfTNZdMyJ8GE,https://www.google.com/maps/place/?q=place_id:ChIJ85t-NFr1UjoRfTNZdMyJ8GE,part_384,2026-09-20 20:51:04,85192
S. S. Tools,Plastic Molding Manufacturer,Plastic Injection Molding Workshop,"Plastic Injection Molding Workshop, Electronic parts supplier, Irrigation equipment supplier, Mold maker, Tool & die shop, Plastic Products Supplier, Research and product development, Toy manufacturer",825329,Jharkhand Circle,Ranchi Region,Giridih Division,Shikherjee SO,+91 98459 55574,http://www.sstoolsind.com/,4.9,37.0,"B-53, 2nd Cross Rd, 3rd Stage, Maruthi Nagar, Peenya, Bengaluru, Karnataka 560058","3rd Stage, Maruthi Nagar, Peenya",13.0175065,77.501346,ChIJeYFTGe48rjsR1JuzPxLngw0,https://www.google.com/maps/place/?q=place_id:ChIJeYFTGe48rjsR1JuzPxLngw0,part_384,2026-09-20 20:51:04,85193
Plastic Mould,Plastic Molding Manufacturer,Plastic fabrication company,"Plastic fabrication company, Manufacturer",825329,Jharkhand Circle,Ranchi Region,Giridih Division,Shikherjee SO,+91 79 2658 3897,http://www.ahimsaind.com/,2.7,3.0,"212- Sakar - V, B/h Natraj Cinema, Ashram Road, Ahmedabad, Gujarat 380009",Ellisbridge,23.029660999999997,72.569653,ChIJrR92RFiEXjkRKE1AeKVTDVg,https://www.google.com/maps/place/?q=place_id:ChIJrR92RFiEXjkRKE1AeKVTDVg,part_384,2026-09-20 20:51:04,85194
